1760 1 600 0.333333
925 1 1082 0.333333
860 1 4 0.500000
925 1 4 0.333333
603 1 3174 0.250000
637 1 3174 0.500000
711 1 3174 1.000000
742 1 3174 1.000000
836 1 3174 0.500000
852 1 3174 0.333333
853 1 3174 0.333333
860 1 3174 0.500000
910 1 3174 0.200000
917 1 3174 1.000000
921 1 3174 0.250000
925 1 3174 0.333333
971 1 3174 0.250000
977 1 3174 0.200000
1012 1 3174 0.500000
1024 1 3174 0.500000
1055 1 3174 0.500000
1075 1 3174 1.000000
1103 1 3174 1.000000
1156 1 3174 0.200000
1186 1 3174 0.333333
1217 1 3174 0.333333
1228 1 3174 0.333333
1283 1 3174 0.333333
146 1 98 0.100000
207 1 98 0.111111
228 1 98 0.111111
207 1 7 0.111111
228 1 7 0.111111
207 1 179 0.111111
228 1 179 0.111111
207 1 724 0.111111
228 1 724 0.111111
207 1 1635 0.111111
228 1 1635 0.111111
207 1 1702 0.111111
228 1 1702 0.111111
207 1 2273 0.111111
228 1 2273 0.111111
207 1 2317 0.111111
228 1 2317 0.111111
207 1 3124 0.111111
228 1 3124 0.111111
242 1 2669 0.333333
620 1 2669 0.250000
664 1 2669 0.166667
695 1 2669 0.250000
772 1 2669 0.333333
916 1 2669 0.333333
995 1 2669 0.200000
1261 1 2669 0.250000
1289 1 2669 0.250000
1683 1 2669 0.200000
1769 1 2669 0.142857
634 1 377 0.250000
647 1 377 0.333333
679 1 377 0.333333
709 1 377 0.333333
717 1 377 0.333333
718 1 377 0.333333
789 1 377 0.333333
809 1 377 0.333333
837 1 377 0.333333
880 1 377 0.333333
957 1 377 0.250000
978 1 377 0.333333
990 1 377 0.500000
1006 1 377 0.500000
1007 1 377 0.333333
1008 1 377 0.250000
1019 1 377 0.333333
1022 1 377 0.500000
1068 1 377 0.333333
1069 1 377 0.333333
1077 1 377 0.333333
1110 1 377 0.333333
1115 1 377 0.250000
1146 1 377 1.000000
1160 1 377 0.333333
1244 1 377 0.333333
1257 1 377 0.333333
1272 1 377 0.333333
1287 1 377 0.333333
1343 1 377 0.333333
647 1 11 0.333333
647 1 2811 0.333333
679 1 2811 0.333333
709 1 2811 0.333333
717 1 2811 0.333333
809 1 2811 0.333333
880 1 2811 0.333333
978 1 2811 0.333333
1007 1 2811 0.333333
1008 1 2811 0.250000
1019 1 2811 0.333333
1069 1 2811 0.333333
1110 1 2811 0.333333
1160 1 2811 0.333333
1244 1 2811 0.333333
1287 1 2811 0.333333
176 1 543 0.142857
176 1 12 0.142857
176 1 1130 0.142857
312 1 1130 0.142857
176 1 1584 0.142857
312 1 1584 0.142857
1113 1 1584 0.200000
176 1 1593 0.142857
312 1 1593 0.142857
176 1 1930 0.142857
312 1 1930 0.142857
176 1 2387 0.142857
286 1 888 0.166667
286 1 15 0.166667
25 1 911 0.333333
55 1 911 0.200000
71 1 911 0.333333
80 1 911 0.200000
111 1 911 0.333333
146 1 911 0.100000
147 1 911 0.500000
286 1 911 0.166667
432 1 911 0.200000
435 1 911 0.166667
459 1 911 0.142857
477 1 911 0.500000
483 1 911 0.083333
605 1 911 0.200000
286 1 1511 0.166667
286 1 2176 0.166667
286 1 2601 0.166667
66 1 162 0.111111
397 1 162 0.250000
37 1 17 0.250000
66 1 17 0.111111
37 1 382 0.250000
37 1 546 0.250000
66 1 546 0.111111
66 1 569 0.111111
397 1 569 0.250000
37 1 891 0.250000
66 1 891 0.111111
66 1 964 0.111111
397 1 964 0.250000
66 1 1700 0.111111
66 1 1913 0.111111
1057 1 1913 0.333333
66 1 2670 0.111111
1454 1 2084 0.066667
624 1 2762 0.250000
791 1 2762 0.500000
1803 1 2762 0.500000
1874 1 2762 1.000000
1375 1 135 0.142857
1471 1 135 0.250000
1496 1 135 0.045455
9 1 2839 0.250000
664 1 2839 0.166667
921 1 2839 0.250000
1016 1 2839 0.250000
1346 1 2839 0.333333
1705 1 2839 0.333333
426 1 750 0.250000
426 1 25 0.250000
426 1 1319 0.250000
426 1 2285 0.250000
82 1 2547 0.333333
143 1 2547 0.333333
218 1 2547 0.250000
568 1 2547 0.250000
577 1 2547 0.500000
585 1 2547 0.333333
596 1 2547 0.333333
598 1 2547 0.500000
82 1 26 0.333333
585 1 26 0.333333
82 1 2565 0.333333
143 1 2565 0.333333
568 1 2565 0.250000
585 1 2565 0.333333
596 1 2565 0.333333
598 1 2565 0.500000
1451 1 1421 0.333333
1599 1 1421 0.333333
1631 1 1421 0.250000
1649 1 2261 0.500000
1451 1 1653 0.333333
1454 1 472 0.066667
1496 1 2459 0.045455
1409 1 2614 0.100000
1453 1 1860 0.125000
1647 1 1860 0.125000
1660 1 2441 0.111111
1454 1 49 0.066667
1425 1 34 0.250000
1458 1 34 0.125000
1515 1 34 0.250000
1587 1 34 0.333333
1626 1 34 0.125000
1654 1 34 0.250000
1458 1 102 0.125000
1626 1 102 0.125000
1428 1 683 0.090909
1404 1 1039 0.111111
1425 1 1039 0.250000
1458 1 1039 0.125000
1515 1 1039 0.250000
1587 1 1039 0.333333
1626 1 1039 0.125000
1654 1 1039 0.250000
1458 1 1093 0.125000
1624 1 1093 0.333333
1626 1 1093 0.125000
1425 1 1295 0.250000
1458 1 1295 0.125000
1515 1 1295 0.250000
1626 1 1295 0.125000
1654 1 1295 0.250000
1458 1 1316 0.125000
1626 1 1316 0.125000
1420 1 1329 0.333333
1454 1 1329 0.066667
1569 1 1329 0.250000
1458 1 2039 0.125000
1626 1 2039 0.125000
1425 1 2105 0.250000
1458 1 2105 0.125000
1515 1 2105 0.250000
1587 1 2105 0.333333
1626 1 2105 0.125000
1654 1 2105 0.250000
1547 1 2782 0.500000
1637 1 2782 0.250000
1453 1 3149 0.125000
1476 1 3149 0.500000
1647 1 3149 0.125000
654 1 1746 0.250000
657 1 1746 0.250000
706 1 1746 0.250000
1197 1 1746 0.250000
1316 1 1746 0.500000
1316 1 36 0.500000
96 1 99 0.166667
235 1 99 0.166667
276 1 99 0.333333
293 1 99 0.333333
316 1 99 1.000000
614 1 99 0.333333
96 1 1138 0.166667
235 1 1138 0.166667
364 1 1138 0.333333
96 1 1650 0.166667
235 1 1650 0.166667
30 1 2126 0.142857
62 1 2126 0.250000
86 1 2126 0.250000
87 1 2126 0.200000
96 1 2126 0.166667
117 1 2126 0.500000
130 1 2126 0.250000
151 1 2126 0.500000
217 1 2126 0.500000
235 1 2126 0.166667
250 1 2126 0.200000
276 1 2126 0.333333
292 1 2126 0.200000
293 1 2126 0.333333
295 1 2126 0.250000
334 1 2126 0.200000
364 1 2126 0.333333
428 1 2126 0.500000
446 1 2126 0.333333
604 1 2126 0.500000
614 1 2126 0.333333
1312 1 2126 0.500000
96 1 3278 0.166667
235 1 3278 0.166667
276 1 3278 0.333333
293 1 3278 0.333333
614 1 3278 0.333333
1008 1 142 0.250000
1561 1 142 0.500000
809 1 38 0.333333
880 1 38 0.333333
1007 1 38 0.333333
1008 1 38 0.250000
277 1 495 0.333333
503 1 495 0.200000
68 1 40 0.333333
136 1 40 0.333333
264 1 40 0.333333
277 1 40 0.333333
503 1 40 0.200000
68 1 658 0.333333
136 1 658 0.333333
264 1 658 0.333333
68 1 1322 0.333333
115 1 1322 1.000000
136 1 1322 0.333333
264 1 1322 0.333333
1774 1 1322 0.200000
1937 1 1322 0.111111
1988 1 1322 0.250000
277 1 1686 0.333333
503 1 1686 0.200000
503 1 2048 0.200000
503 1 3248 0.200000
1454 1 43 0.066667
1454 1 235 0.066667
1454 1 242 0.066667
1398 1 258 1.000000
1404 1 258 0.111111
1422 1 258 1.000000
1454 1 258 0.066667
1478 1 258 1.000000
1517 1 258 0.125000
1546 1 258 0.200000
1454 1 838 0.066667
1454 1 1571 0.066667
1454 1 1811 0.066667
1454 1 1942 0.066667
1390 1 2894 0.500000
1404 1 2894 0.111111
1454 1 2894 0.066667
1454 1 3037 0.066667
1454 1 3088 0.066667
1496 1 151 0.045455
1517 1 151 0.125000
1523 1 151 0.052632
1523 1 44 0.052632
1523 1 280 0.052632
1523 1 461 0.052632
1611 1 461 0.333333
1523 1 699 0.052632
1523 1 782 0.052632
1523 1 998 0.052632
1447 1 1017 0.037037
1523 1 1017 0.052632
1523 1 1396 0.052632
1523 1 1528 0.052632
1447 1 1868 0.037037
1523 1 1868 0.052632
1523 1 1972 0.052632
1523 1 2677 0.052632
1523 1 2686 0.052632
1523 1 2710 0.052632
1523 1 2711 0.052632
1523 1 2721 0.052632
1523 1 2812 0.052632
1523 1 3190 0.052632
211 1 2302 0.250000
247 1 2302 0.142857
624 1 2302 0.250000
911 1 2302 0.250000
1003 1 2302 0.333333
177 1 1163 0.166667
296 1 1163 0.166667
303 1 1163 0.333333
303 1 53 0.333333
393 1 1798 0.500000
303 1 3055 0.333333
1649 1 1980 0.500000
622 1 63 0.333333
729 1 63 0.333333
817 1 63 0.333333
822 1 63 0.333333
729 1 59 0.333333
817 1 59 0.333333
822 1 59 0.333333
1139 1 59 0.333333
1145 1 59 0.333333
1164 1 59 0.333333
622 1 279 0.333333
694 1 279 1.000000
715 1 279 0.500000
729 1 279 0.333333
747 1 279 0.250000
748 1 279 1.000000
778 1 279 1.000000
779 1 279 0.500000
799 1 279 0.500000
817 1 279 0.333333
822 1 279 0.333333
840 1 279 0.500000
885 1 279 0.500000
927 1 279 0.500000
986 1 279 1.000000
1067 1 279 0.250000
1070 1 279 1.000000
1240 1 279 0.500000
1344 1 279 0.500000
627 1 1795 0.250000
956 1 1795 0.250000
973 1 1795 0.333333
979 1 1795 0.333333
1139 1 1795 0.333333
1145 1 1795 0.333333
1164 1 1795 0.333333
1289 1 1795 0.250000
812 1 2200 0.250000
956 1 2200 0.250000
973 1 2200 0.333333
979 1 2200 0.333333
1139 1 2200 0.333333
1145 1 2200 0.333333
1164 1 2200 0.333333
1187 1 2200 0.142857
1247 1 2200 0.200000
1281 1 2200 1.000000
1289 1 2200 0.250000
1319 1 2200 0.250000
727 1 963 0.333333
743 1 963 0.500000
783 1 963 0.500000
1319 1 963 0.250000
1319 1 60 0.250000
34 1 2327 0.250000
36 1 2327 0.333333
84 1 2327 0.200000
315 1 2327 0.250000
324 1 2327 0.200000
410 1 2327 0.500000
425 1 2327 0.200000
531 1 2327 0.250000
543 1 2327 0.250000
727 1 2327 0.333333
743 1 2327 0.500000
783 1 2327 0.500000
1319 1 2327 0.250000
464 1 368 1.000000
557 1 368 0.500000
622 1 2502 0.333333
1289 1 2502 0.250000
1636 1 236 0.142857
1763 1 532 0.333333
1776 1 532 0.333333
1783 1 532 0.333333
1788 1 532 0.333333
1795 1 532 0.250000
1853 1 532 0.200000
1862 1 532 0.333333
1872 1 532 0.200000
1940 1 532 1.000000
1965 1 532 0.200000
1974 1 532 0.333333
2022 1 532 0.250000
1795 1 66 0.250000
1795 1 1314 0.250000
1795 1 2881 0.250000
1758 1 943 1.000000
1421 1 68 0.045455
1474 1 68 0.041667
1474 1 113 0.041667
1421 1 165 0.045455
1474 1 165 0.041667
1421 1 338 0.045455
1474 1 338 0.041667
1421 1 424 0.045455
1474 1 424 0.041667
1421 1 446 0.045455
1474 1 446 0.041667
1421 1 494 0.045455
1474 1 494 0.041667
1421 1 604 0.045455
1474 1 604 0.041667
1421 1 650 0.045455
1474 1 650 0.041667
1421 1 986 0.045455
1474 1 986 0.041667
1474 1 989 0.041667
1496 1 989 0.045455
1421 1 1262 0.045455
1426 1 1262 0.142857
1474 1 1262 0.041667
1496 1 1262 0.045455
1421 1 1371 0.045455
1474 1 1371 0.041667
1421 1 1628 0.045455
1474 1 1628 0.041667
1421 1 1630 0.045455
1474 1 1630 0.041667
1569 1 1674 0.250000
1629 1 1674 0.333333
1421 1 1999 0.045455
1474 1 1999 0.041667
1421 1 2003 0.045455
1474 1 2003 0.041667
1421 1 2456 0.045455
1474 1 2456 0.041667
1421 1 2492 0.045455
1474 1 2492 0.041667
1421 1 2576 0.045455
1439 1 2576 0.500000
1474 1 2576 0.041667
1589 1 2576 0.500000
1421 1 2696 0.045455
1474 1 2696 0.041667
1421 1 2940 0.045455
1474 1 2940 0.041667
1421 1 3056 0.045455
1474 1 3056 0.041667
1421 1 3084 0.045455
1474 1 3084 0.041667
794 1 552 0.250000
807 1 552 0.250000
975 1 552 0.250000
1099 1 552 0.250000
1162 1 552 0.333333
54 1 806 0.500000
184 1 806 0.500000
188 1 806 0.200000
369 1 806 0.500000
1216 1 806 0.500000
1537 1 806 0.500000
1621 1 806 0.500000
1965 1 806 0.200000
1980 1 806 0.500000
2007 1 806 0.500000
646 1 1504 0.500000
653 1 1504 0.333333
732 1 1504 1.000000
762 1 1504 0.500000
794 1 1504 0.250000
807 1 1504 0.250000
824 1 1504 0.250000
940 1 1504 0.333333
975 1 1504 0.250000
1010 1 1504 0.333333
1088 1 1504 0.333333
1099 1 1504 0.250000
1116 1 1504 0.333333
1135 1 1504 0.500000
1162 1 1504 0.333333
1172 1 1504 0.500000
1206 1 1504 0.500000
1223 1 1504 0.333333
1269 1 1504 0.333333
1285 1 1504 1.000000
1297 1 1504 0.333333
1687 1 1504 1.000000
1784 1 1504 1.000000
1905 1 1504 1.000000
198 1 273 0.333333
385 1 273 0.333333
460 1 273 0.333333
519 1 273 0.500000
198 1 73 0.333333
308 1 73 0.250000
385 1 73 0.333333
460 1 73 0.333333
518 1 73 0.500000
10 1 624 0.166667
291 1 624 0.250000
308 1 624 0.250000
360 1 624 0.200000
574 1 624 0.500000
590 1 624 0.200000
595 1 624 0.500000
602 1 624 0.166667
613 1 624 0.200000
198 1 1658 0.333333
385 1 1658 0.333333
460 1 1658 0.333333
518 1 1665 0.500000
308 1 2473 0.250000
10 1 2977 0.166667
141 1 2977 0.500000
291 1 2977 0.250000
308 1 2977 0.250000
328 1 2977 0.500000
360 1 2977 0.200000
590 1 2977 0.200000
602 1 2977 0.166667
613 1 2977 0.200000
1114 1 307 0.333333
1114 1 74 0.333333
1114 1 2919 0.333333
7 1 3106 0.333333
15 1 3106 0.125000
39 1 3106 0.333333
593 1 3106 0.250000
1774 1 3106 0.200000
1937 1 3106 0.111111
2005 1 3106 0.200000
1 1 2253 0.500000
431 1 2253 0.500000
824 1 710 0.250000
148 1 754 0.200000
515 1 754 0.333333
1447 1 101 0.037037
1447 1 79 0.037037
1447 1 114 0.037037
1428 1 180 0.090909
1447 1 180 0.037037
1447 1 278 0.037037
1447 1 348 0.037037
1447 1 511 0.037037
1447 1 560 0.037037
1447 1 687 0.037037
1447 1 704 0.037037
1447 1 763 0.037037
1447 1 815 0.037037
1447 1 914 0.037037
1447 1 1010 0.037037
1428 1 1090 0.090909
1447 1 1090 0.037037
1586 1 1090 0.500000
1447 1 1215 0.037037
1447 1 1238 0.037037
1447 1 1425 0.037037
1447 1 1740 0.037037
1447 1 2087 0.037037
1447 1 2109 0.037037
1447 1 2574 0.037037
1447 1 3243 0.037037
1447 1 3250 0.037037
1447 1 3282 0.037037
30 1 578 0.142857
87 1 578 0.200000
250 1 578 0.200000
292 1 578 0.200000
307 1 578 0.333333
334 1 578 0.200000
48 1 81 0.500000
307 1 81 0.333333
400 1 81 0.500000
30 1 772 0.142857
48 1 772 0.500000
87 1 772 0.200000
250 1 772 0.200000
292 1 772 0.200000
307 1 772 0.333333
334 1 772 0.200000
387 1 772 1.000000
400 1 772 0.500000
577 1 772 0.500000
604 1 772 0.500000
915 1 1709 0.333333
997 1 1709 0.333333
997 1 85 0.333333
997 1 1865 0.333333
1531 1 189 0.111111
1531 1 88 0.111111
1531 1 275 0.111111
1531 1 299 0.111111
1531 1 518 0.111111
1531 1 630 0.111111
1531 1 734 0.111111
1531 1 1638 0.111111
1531 1 2031 0.111111
921 1 2501 0.250000
921 1 89 0.250000
1606 1 1468 0.250000
1794 1 1468 0.200000
1606 1 91 0.250000
1606 1 1951 0.250000
1606 1 2543 0.250000
1450 1 910 0.333333
1539 1 910 0.333333
1602 1 910 0.500000
1622 1 910 0.333333
1634 1 910 0.250000
1656 1 910 0.250000
1660 1 1448 0.111111
1440 1 2104 0.142857
9 1 3265 0.250000
1546 1 159 0.200000
1546 1 96 0.200000
1546 1 420 0.200000
1546 1 3070 0.200000
578 1 2594 0.066667
146 1 178 0.100000
423 1 178 0.500000
146 1 723 0.100000
146 1 1634 0.100000
146 1 1701 0.100000
146 1 2272 0.100000
423 1 2272 0.500000
146 1 2316 0.100000
146 1 2780 0.100000
146 1 3123 0.100000
235 1 1990 0.166667
96 1 1996 0.166667
1426 1 2406 0.142857
1428 1 1048 0.090909
1428 1 1649 0.090909
1411 1 1726 0.200000
1403 1 2091 0.100000
1387 1 2836 0.071429
1428 1 2836 0.090909
1762 1 2351 0.500000
1917 1 2351 0.500000
1921 1 2351 0.500000
29 1 2481 0.500000
568 1 2481 0.250000
30 1 259 0.142857
76 1 259 0.333333
492 1 259 0.500000
76 1 108 0.333333
143 1 108 0.333333
492 1 108 0.500000
596 1 108 0.333333
30 1 762 0.142857
76 1 762 0.333333
1363 1 110 0.166667
1363 1 1300 0.166667
1441 1 1300 0.125000
1650 1 1300 0.200000
1671 1 1300 0.100000
1363 1 1537 0.166667
1372 1 1537 0.250000
1510 1 1537 0.142857
1541 1 1537 0.333333
1363 1 2051 0.166667
1363 1 2510 0.166667
1363 1 2735 0.166667
1524 1 2735 0.125000
231 1 780 0.250000
473 1 780 0.250000
508 1 780 0.250000
1351 1 780 0.250000
1351 1 437 0.250000
1351 1 117 0.250000
1351 1 2817 0.250000
34 1 3253 0.250000
84 1 3253 0.200000
195 1 3253 0.333333
237 1 3253 0.250000
315 1 3253 0.250000
324 1 3253 0.200000
414 1 3253 0.500000
425 1 3253 0.200000
531 1 3253 0.250000
543 1 3253 0.250000
414 1 121 0.500000
84 1 1843 0.200000
34 1 122 0.250000
84 1 122 0.200000
195 1 122 0.333333
237 1 122 0.250000
315 1 122 0.250000
324 1 122 0.200000
448 1 122 0.250000
531 1 122 0.250000
543 1 122 0.250000
237 1 2328 0.250000
448 1 2329 0.250000
448 1 2600 0.250000
237 1 2760 0.250000
34 1 2865 0.250000
36 1 2865 0.333333
84 1 2865 0.200000
195 1 2865 0.333333
315 1 2865 0.250000
324 1 2865 0.200000
425 1 2865 0.200000
531 1 2865 0.250000
543 1 2865 0.250000
324 1 2867 0.200000
448 1 3254 0.250000
24 1 615 0.500000
312 1 615 0.142857
312 1 123 0.142857
425 1 123 0.200000
425 1 1213 0.200000
312 1 2477 0.142857
1387 1 201 0.071429
1453 1 201 0.125000
1572 1 201 0.250000
1647 1 201 0.125000
1637 1 1308 0.250000
1385 1 1567 0.071429
1660 1 1567 0.111111
1569 1 2801 0.250000
1545 1 1637 0.125000
1561 1 134 0.500000
1496 1 188 0.045455
1506 1 188 0.333333
1638 1 218 0.083333
1496 1 474 0.045455
1545 1 474 0.125000
1638 1 487 0.083333
1375 1 572 0.142857
1514 1 572 0.500000
1578 1 572 0.500000
1496 1 577 0.045455
1496 1 617 0.045455
1512 1 617 0.333333
1496 1 641 0.045455
1384 1 691 0.250000
1471 1 852 0.250000
1375 1 856 0.142857
1496 1 1208 0.045455
1477 1 1236 0.333333
1375 1 1279 0.142857
1414 1 1289 0.500000
1452 1 1289 0.500000
1453 1 1289 0.125000
1459 1 1289 0.500000
1553 1 1289 0.500000
1564 1 1289 0.500000
1572 1 1289 0.250000
1604 1 1289 0.500000
1639 1 1289 0.500000
1647 1 1289 0.125000
1496 1 1529 0.045455
1646 1 1711 0.500000
1375 1 1728 0.142857
1414 1 1773 0.500000
1452 1 1773 0.500000
1453 1 1773 0.125000
1459 1 1773 0.500000
1553 1 1773 0.500000
1564 1 1773 0.500000
1572 1 1773 0.250000
1604 1 1773 0.500000
1638 1 1773 0.083333
1639 1 1773 0.500000
1647 1 1773 0.125000
1496 1 1826 0.045455
1547 1 1844 0.500000
1496 1 2014 0.045455
1453 1 2172 0.125000
1526 1 2172 0.125000
1647 1 2172 0.125000
1496 1 2279 0.045455
1375 1 2400 0.142857
1471 1 2400 0.250000
1496 1 2430 0.045455
1375 1 2538 0.142857
1471 1 2538 0.250000
1496 1 2658 0.045455
1496 1 2731 0.045455
1512 1 2731 0.333333
1638 1 2731 0.083333
1496 1 2752 0.045455
1496 1 2810 0.045455
1496 1 2995 0.045455
1496 1 3083 0.045455
1352 1 1954 0.142857
1391 1 1954 0.333333
1392 1 1954 0.076923
1352 1 2000 0.142857
1433 1 2455 0.333333
1616 1 1892 0.200000
1392 1 333 0.076923
1392 1 144 0.076923
1392 1 448 0.076923
1392 1 993 0.076923
1392 1 1232 0.076923
1392 1 1477 0.076923
1392 1 1599 0.076923
1392 1 1697 0.076923
1392 1 1876 0.076923
1392 1 2440 0.076923
1392 1 2854 0.076923
1392 1 2884 0.076923
1409 1 2884 0.100000
1510 1 2494 0.142857
1671 1 2494 0.100000
1726 1 2779 0.333333
1372 1 389 0.250000
1372 1 146 0.250000
1541 1 146 0.333333
1372 1 390 0.250000
1450 1 390 0.333333
1539 1 390 0.333333
1541 1 390 0.333333
1602 1 390 0.500000
1634 1 390 0.250000
1656 1 390 0.250000
1385 1 413 0.071429
1385 1 147 0.071429
1385 1 805 0.071429
1385 1 1064 0.071429
1385 1 1401 0.071429
1385 1 1491 0.071429
1528 1 1491 0.333333
1645 1 1491 0.333333
1385 1 1961 0.071429
1352 1 2089 0.142857
1385 1 2089 0.071429
1417 1 2089 1.000000
1457 1 2089 0.250000
1491 1 2089 0.250000
1494 1 2089 0.500000
1385 1 2808 0.071429
1395 1 2808 0.166667
1385 1 2813 0.071429
1385 1 3171 0.071429
1385 1 3215 0.071429
1385 1 3264 0.071429
1586 1 1333 0.500000
1409 1 2268 0.100000
1510 1 2268 0.142857
188 1 593 0.200000
188 1 149 0.200000
188 1 2027 0.200000
188 1 2409 0.200000
1517 1 730 0.125000
1517 1 766 0.125000
1517 1 841 0.125000
1517 1 1485 0.125000
1517 1 2148 0.125000
1404 1 2487 0.111111
1517 1 2487 0.125000
1436 1 1696 0.500000
1521 1 1696 0.500000
1544 1 1696 0.500000
1549 1 1696 0.500000
1590 1 1696 0.500000
1436 1 2275 0.500000
1549 1 2275 0.500000
1590 1 2275 0.500000
432 1 629 0.200000
140 1 1540 0.200000
432 1 3279 0.200000
644 1 3279 0.500000
683 1 3279 0.500000
890 1 3279 0.500000
898 1 3279 0.500000
1256 1 3279 0.500000
1743 1 3279 0.500000
1745 1 3279 0.333333
1751 1 3279 0.333333
1638 1 156 0.083333
1638 1 586 0.083333
1370 1 697 0.500000
1638 1 697 0.083333
1638 1 1648 0.083333
1638 1 2248 0.083333
1638 1 2267 0.083333
1638 1 2288 0.083333
1638 1 2306 0.083333
397 1 475 0.250000
123 1 306 0.250000
123 1 1009 0.250000
183 1 1136 0.142857
627 1 1136 0.250000
10 1 792 0.166667
602 1 792 0.166667
10 1 2080 0.166667
602 1 2080 0.166667
10 1 3277 0.166667
291 1 3277 0.250000
360 1 3277 0.200000
602 1 3277 0.166667
613 1 3277 0.200000
617 1 3277 0.333333
10 1 171 0.166667
602 1 171 0.166667
1794 1 415 0.200000
1794 1 172 0.200000
1794 1 2282 0.200000
1864 1 2282 0.500000
1908 1 2282 0.500000
1985 1 2282 0.500000
1991 1 2282 0.500000
1794 1 3027 0.200000
931 1 174 0.200000
931 1 173 0.200000
931 1 1325 0.200000
931 1 1326 0.200000
931 1 2525 0.200000
1389 1 301 0.333333
1559 1 301 0.100000
1559 1 175 0.100000
1559 1 565 0.100000
1559 1 1149 0.100000
1662 1 1149 0.166667
1559 1 1320 0.100000
1559 1 1435 0.100000
1441 1 1589 0.125000
1559 1 1589 0.100000
1650 1 1589 0.200000
1545 1 2458 0.125000
1559 1 2458 0.100000
1594 1 2458 0.500000
1662 1 2458 0.166667
1559 1 2676 0.100000
1559 1 3212 0.100000
1692 1 621 0.500000
1712 1 621 0.500000
1714 1 621 0.500000
1766 1 621 0.333333
1779 1 621 0.333333
1766 1 177 0.333333
1779 1 177 0.333333
1820 1 177 0.500000
1766 1 926 0.333333
1779 1 926 0.333333
1820 1 3032 0.500000
1943 1 3032 0.250000
1428 1 1832 0.090909
1428 1 1895 0.090909
1428 1 2206 0.090909
1451 1 2206 0.333333
1428 1 2962 0.090909
1428 1 3018 0.090909
1352 1 2666 0.142857
1608 1 2666 0.142857
1506 1 483 0.333333
1506 1 1531 0.333333
213 1 1201 0.250000
498 1 1201 0.111111
213 1 2163 0.250000
296 1 2163 0.166667
455 1 2163 0.333333
1529 1 194 1.000000
1616 1 746 0.200000
1616 1 196 0.200000
1616 1 1563 0.200000
1616 1 2834 0.200000
126 1 454 0.200000
297 1 454 0.200000
126 1 197 0.200000
297 1 197 0.200000
126 1 470 0.200000
297 1 470 0.200000
297 1 847 0.200000
126 1 1781 0.200000
297 1 1781 0.200000
126 1 3216 0.200000
641 1 3216 0.250000
648 1 3216 0.250000
1005 1 3216 0.250000
1267 1 3216 0.250000
1276 1 3216 0.250000
1305 1 3216 0.250000
1306 1 3216 0.250000
410 1 198 0.500000
1387 1 227 0.071429
1387 1 639 0.071429
1387 1 645 0.071429
1387 1 736 0.071429
1387 1 788 0.071429
1387 1 829 0.071429
1387 1 1062 0.071429
1387 1 1088 0.071429
1671 1 1299 0.100000
1387 1 1732 0.071429
1387 1 2154 0.071429
1387 1 2167 0.071429
1387 1 2536 0.071429
1453 1 2701 0.125000
1647 1 2701 0.125000
1572 1 3092 0.250000
1453 1 3093 0.125000
1647 1 3093 0.125000
938 1 3150 0.333333
938 1 206 0.333333
632 1 3231 1.000000
654 1 3231 0.250000
657 1 3231 0.250000
706 1 3231 0.250000
894 1 3231 0.500000
938 1 3231 0.333333
956 1 3231 0.250000
979 1 3231 0.333333
984 1 3231 0.250000
1041 1 3231 0.250000
1071 1 3231 0.250000
1085 1 3231 1.000000
1100 1 3231 0.250000
1182 1 3231 0.500000
1190 1 3231 1.000000
1197 1 3231 0.250000
1360 1 643 1.000000
1376 1 643 1.000000
1419 1 643 1.000000
1445 1 643 1.000000
1361 1 1312 0.333333
1361 1 2984 0.333333
1501 1 2984 0.250000
1158 1 224 0.200000
1158 1 223 0.200000
635 1 2293 0.333333
642 1 2293 0.333333
725 1 2293 0.200000
734 1 2293 0.250000
856 1 2293 0.333333
936 1 2293 0.333333
1078 1 2293 0.333333
1158 1 2293 0.200000
1177 1 2293 0.200000
1757 1 2293 0.500000
1925 1 2293 0.500000
1158 1 2497 0.200000
1158 1 2949 0.200000
1691 1 1523 0.333333
1721 1 1523 0.333333
1657 1 302 0.250000
605 1 274 0.200000
605 1 232 0.200000
605 1 3181 0.200000
605 1 3245 0.200000
1636 1 400 0.142857
1636 1 1046 0.142857
1636 1 1122 0.142857
1636 1 1963 0.142857
1636 1 2161 0.142857
1636 1 2480 0.142857
1441 1 466 0.125000
1650 1 466 0.200000
1656 1 466 0.250000
1441 1 239 0.125000
1441 1 1094 0.125000
1441 1 1239 0.125000
1441 1 1557 0.125000
1484 1 1557 0.333333
1441 1 1613 0.125000
1650 1 1613 0.200000
1440 1 240 0.142857
1440 1 332 0.142857
1440 1 1125 0.142857
1440 1 1633 0.142857
1400 1 1796 0.100000
1440 1 2001 0.142857
1413 1 2339 1.000000
1440 1 2339 0.142857
1646 1 2339 0.500000
134 1 241 0.500000
218 1 241 0.250000
218 1 897 0.250000
134 1 1164 0.500000
394 1 1164 0.333333
218 1 1172 0.250000
1404 1 1950 0.111111
1524 1 248 0.125000
1524 1 703 0.125000
1524 1 803 0.125000
1524 1 1078 0.125000
1524 1 1206 0.125000
1524 1 2681 0.125000
1524 1 2929 0.125000
1395 1 1013 0.166667
87 1 295 0.200000
292 1 295 0.200000
334 1 295 0.200000
87 1 254 0.200000
292 1 254 0.200000
334 1 254 0.200000
1409 1 530 0.100000
1409 1 255 0.100000
1409 1 651 0.100000
1409 1 1242 0.100000
1409 1 1891 0.100000
1409 1 1968 0.100000
1409 1 2025 0.100000
437 1 2581 0.250000
437 1 256 0.250000
413 1 3189 1.000000
437 1 3189 0.250000
472 1 3189 0.250000
437 1 3220 0.250000
995 1 315 0.200000
857 1 257 1.000000
995 1 257 0.200000
1093 1 257 0.333333
995 1 861 0.200000
1093 1 861 0.333333
995 1 2198 0.200000
1093 1 2198 0.333333
1404 1 1878 0.111111
1382 1 2204 0.500000
1400 1 2204 0.100000
1404 1 2204 0.111111
1643 1 2204 0.333333
1404 1 2378 0.111111
1404 1 3038 0.111111
30 1 598 0.142857
212 1 598 0.125000
30 1 1975 0.142857
718 1 264 0.333333
718 1 2873 0.333333
702 1 1367 0.500000
914 1 1367 0.500000
1050 1 1367 0.333333
1159 1 1367 0.500000
1313 1 1367 0.500000
914 1 266 0.500000
1159 1 266 0.500000
1218 1 2610 0.500000
1218 1 270 0.500000
116 1 1851 0.333333
519 1 391 0.500000
483 1 426 0.083333
483 1 277 0.083333
483 1 551 0.083333
483 1 698 0.083333
483 1 1337 0.083333
483 1 1353 0.083333
483 1 2689 0.083333
483 1 3155 0.083333
483 1 3193 0.083333
483 1 3213 0.083333
483 1 3263 0.083333
1344 1 357 0.500000
668 1 2295 0.500000
715 1 2295 0.500000
774 1 2295 0.333333
779 1 2295 0.500000
799 1 2295 0.500000
885 1 2295 0.500000
915 1 2295 0.333333
927 1 2295 0.500000
1240 1 2295 0.500000
1286 1 2295 0.250000
736 1 2297 0.500000
840 1 2297 0.500000
355 1 2628 0.250000
474 1 2628 0.250000
580 1 2628 0.200000
747 1 2628 0.250000
1067 1 2628 0.250000
1237 1 2628 1.000000
747 1 2927 0.250000
1067 1 2927 0.250000
747 1 2999 0.250000
1067 1 2999 0.250000
1286 1 1247 0.250000
1286 1 283 0.250000
1286 1 2476 0.250000
600 1 288 0.250000
17 1 285 0.200000
125 1 285 0.200000
249 1 285 0.142857
251 1 285 0.166667
365 1 285 0.166667
600 1 285 0.250000
610 1 285 0.100000
610 1 309 0.100000
17 1 870 0.200000
125 1 870 0.200000
365 1 870 0.166667
610 1 870 0.100000
125 1 953 0.200000
249 1 953 0.142857
251 1 953 0.166667
365 1 953 0.166667
610 1 953 0.100000
365 1 1249 0.166667
610 1 1249 0.100000
17 1 1550 0.200000
106 1 1550 0.166667
125 1 1550 0.200000
249 1 1550 0.142857
365 1 1550 0.166667
600 1 1550 0.250000
610 1 1550 0.100000
106 1 1609 0.166667
600 1 1609 0.250000
610 1 1609 0.100000
249 1 1766 0.142857
184 1 2222 0.500000
239 1 2222 1.000000
610 1 2222 0.100000
251 1 2299 0.166667
249 1 2332 0.142857
17 1 2380 0.200000
251 1 2789 0.166667
610 1 2789 0.100000
249 1 2794 0.142857
251 1 3057 0.166667
17 1 3255 0.200000
125 1 3255 0.200000
249 1 3255 0.142857
251 1 3255 0.166667
365 1 3255 0.166667
610 1 3255 0.100000
1433 1 774 0.333333
1301 1 361 0.166667
1301 1 298 0.166667
625 1 609 1.000000
1301 1 609 0.166667
666 1 1473 0.500000
724 1 1473 0.500000
1060 1 1473 0.500000
1065 1 1473 0.500000
1239 1 1473 0.500000
1301 1 1473 0.166667
1301 1 2447 0.166667
630 1 2496 0.500000
640 1 2496 0.500000
645 1 2496 0.500000
660 1 2496 0.500000
671 1 2496 0.500000
673 1 2496 0.500000
790 1 2496 0.333333
797 1 2496 0.500000
813 1 2496 0.500000
820 1 2496 0.500000
826 1 2496 0.500000
830 1 2496 0.500000
845 1 2496 1.000000
866 1 2496 1.000000
868 1 2496 0.333333
870 1 2496 0.500000
940 1 2496 0.333333
941 1 2496 0.500000
953 1 2496 0.500000
991 1 2496 0.250000
993 1 2496 0.500000
1001 1 2496 0.333333
1016 1 2496 0.250000
1026 1 2496 0.500000
1030 1 2496 0.500000
1033 1 2496 0.500000
1074 1 2496 0.500000
1080 1 2496 0.500000
1081 1 2496 0.500000
1084 1 2496 0.500000
1091 1 2496 0.500000
1109 1 2496 0.500000
1151 1 2496 1.000000
1165 1 2496 0.500000
1171 1 2496 0.500000
1175 1 2496 0.500000
1189 1 2496 0.500000
1202 1 2496 0.500000
1231 1 2496 0.333333
1236 1 2496 0.500000
1263 1 2496 0.166667
1273 1 2496 0.333333
1277 1 2496 0.500000
1301 1 2496 0.166667
1307 1 2496 0.500000
1944 1 2496 0.166667
1389 1 2575 0.333333
1389 1 2599 0.333333
1401 1 1517 1.000000
1657 1 1517 0.250000
1402 1 2588 0.333333
1657 1 2662 0.250000
1657 1 2845 0.250000
123 1 2067 0.250000
434 1 2067 0.500000
123 1 2649 0.250000
708 1 459 0.500000
716 1 459 0.200000
722 1 459 0.500000
775 1 459 0.500000
982 1 459 0.500000
1255 1 459 0.500000
661 1 308 0.250000
708 1 308 0.500000
722 1 308 0.500000
772 1 308 0.333333
982 1 308 0.500000
1192 1 308 0.333333
1330 1 308 0.333333
661 1 725 0.250000
661 1 923 0.250000
661 1 1058 0.250000
1050 1 1058 0.333333
1192 1 1304 0.333333
1330 1 1304 0.333333
878 1 1948 0.500000
1192 1 1948 0.333333
1330 1 1948 0.333333
772 1 3196 0.333333
1198 1 3196 1.000000
664 1 674 0.166667
1102 1 674 0.250000
664 1 316 0.166667
1102 1 316 0.250000
664 1 1100 0.166667
1102 1 1100 0.250000
88 1 1743 0.333333
93 1 1743 0.333333
116 1 1743 0.333333
664 1 3168 0.166667
1102 1 3168 0.250000
634 1 319 0.250000
774 1 319 0.333333
837 1 319 0.333333
863 1 319 0.500000
957 1 319 0.250000
1115 1 319 0.250000
1257 1 319 0.333333
1272 1 319 0.333333
957 1 2615 0.250000
634 1 2848 0.250000
1115 1 2848 0.250000
634 1 2991 0.250000
837 1 2992 0.333333
863 1 2992 0.500000
957 1 2992 0.250000
1115 1 2992 0.250000
1257 1 2992 0.333333
1272 1 2992 0.333333
774 1 2993 0.333333
1526 1 326 0.125000
1526 1 320 0.125000
1526 1 811 0.125000
1526 1 1456 0.125000
1526 1 1827 0.125000
1658 1 1827 0.500000
1526 1 2959 0.125000
1658 1 2959 0.500000
1526 1 3089 0.125000
88 1 324 0.333333
93 1 324 0.333333
88 1 3167 0.333333
93 1 3167 0.333333
116 1 3167 0.333333
183 1 909 0.142857
183 1 325 0.142857
183 1 1012 0.142857
183 1 1291 0.142857
2005 1 1291 0.200000
183 1 1669 0.142857
1863 1 1669 0.500000
183 1 3241 0.142857
1886 1 1015 0.125000
1891 1 1015 0.142857
1903 1 1015 0.125000
1769 1 328 0.142857
1886 1 328 0.125000
1903 1 328 0.125000
1926 1 328 0.200000
2018 1 328 0.333333
1886 1 1395 0.125000
1903 1 1395 0.125000
1769 1 1422 0.142857
1886 1 1422 0.125000
1891 1 1422 0.142857
1903 1 1422 0.125000
1926 1 1422 0.200000
1929 1 1422 0.250000
2018 1 1422 0.333333
1769 1 1652 0.142857
1769 1 1962 0.142857
1886 1 1962 0.125000
1903 1 1962 0.125000
1926 1 1962 0.200000
1886 1 2723 0.125000
1903 1 2723 0.125000
1926 1 2723 0.200000
1769 1 2943 0.142857
1886 1 2943 0.125000
1903 1 2943 0.125000
1769 1 3160 0.142857
1886 1 3160 0.125000
1891 1 3160 0.142857
1903 1 3160 0.125000
1926 1 3160 0.200000
1929 1 3160 0.250000
2018 1 3160 0.333333
323 1 1269 0.250000
323 1 330 0.250000
323 1 1600 0.250000
157 1 3166 0.333333
323 1 3166 0.250000
671 1 428 0.500000
673 1 428 0.500000
826 1 428 0.500000
1165 1 428 0.500000
1263 1 428 0.166667
1277 1 428 0.500000
991 1 340 0.250000
1001 1 340 0.333333
1016 1 340 0.250000
1037 1 340 1.000000
1263 1 340 0.166667
1273 1 340 0.333333
991 1 1140 0.250000
1263 1 1141 0.166667
630 1 1576 0.500000
640 1 1576 0.500000
660 1 1576 0.500000
797 1 1576 0.500000
813 1 1576 0.500000
830 1 1576 0.500000
870 1 1576 0.500000
954 1 1576 1.000000
991 1 1576 0.250000
1001 1 1576 0.333333
1016 1 1576 0.250000
1032 1 1576 1.000000
1033 1 1576 0.500000
1091 1 1576 0.500000
1175 1 1576 0.500000
1189 1 1576 0.500000
1202 1 1576 0.500000
1214 1 1576 0.333333
1231 1 1576 0.333333
1236 1 1576 0.500000
1258 1 1576 1.000000
1263 1 1576 0.166667
1273 1 1576 0.333333
1307 1 1576 0.500000
1263 1 2593 0.166667
416 1 566 0.142857
416 1 342 0.142857
416 1 779 0.142857
416 1 1693 0.142857
416 1 2673 0.142857
416 1 3015 0.142857
416 1 3129 0.142857
1400 1 501 0.100000
1400 1 343 0.100000
1400 1 867 0.100000
1400 1 1706 0.100000
1403 1 1706 0.100000
1400 1 2068 0.100000
1400 1 2508 0.100000
1462 1 2508 0.333333
1400 1 2934 0.100000
1400 1 2985 0.100000
1683 1 557 0.200000
1704 1 557 0.333333
1709 1 557 0.250000
1717 1 557 0.250000
1683 1 1705 0.200000
1704 1 1705 0.333333
1709 1 1705 0.250000
1717 1 1705 0.250000
511 1 385 0.250000
511 1 346 0.250000
259 1 1004 0.166667
511 1 1004 0.250000
511 1 2566 0.250000
983 1 2431 0.333333
1011 1 2431 0.200000
1631 1 1097 0.250000
1631 1 356 0.250000
1631 1 2298 0.250000
1545 1 364 0.125000
1545 1 761 0.125000
1545 1 884 0.125000
1594 1 884 0.500000
1545 1 1692 0.125000
1545 1 2443 0.125000
948 1 1915 0.250000
1242 1 1915 0.333333
1242 1 366 0.333333
1242 1 3008 0.333333
557 1 581 0.500000
1403 1 827 0.100000
948 1 464 0.250000
1163 1 464 0.333333
1343 1 464 0.333333
789 1 467 0.333333
990 1 467 0.500000
1006 1 467 0.500000
1022 1 467 0.500000
1068 1 467 0.333333
1077 1 467 0.333333
1119 1 467 0.500000
1287 1 1175 0.333333
789 1 1507 0.333333
1343 1 1507 0.333333
1077 1 1514 0.333333
1068 1 1543 0.333333
679 1 2630 0.333333
709 1 2630 0.333333
717 1 2630 0.333333
978 1 2630 0.333333
1019 1 2630 0.333333
1069 1 2630 0.333333
1110 1 2630 0.333333
1160 1 2630 0.333333
1244 1 2630 0.333333
459 1 381 0.142857
459 1 1180 0.142857
459 1 1188 0.142857
459 1 1189 0.142857
459 1 1639 0.142857
459 1 1758 0.142857
1011 1 785 0.200000
1433 1 785 0.333333
1450 1 462 0.333333
1539 1 462 0.333333
1634 1 462 0.250000
1634 1 2792 0.250000
1656 1 2792 0.250000
213 1 1146 0.250000
296 1 1146 0.166667
345 1 1146 0.333333
455 1 1146 0.333333
469 1 1146 0.333333
498 1 1146 0.111111
559 1 1146 0.500000
213 1 392 0.250000
1501 1 866 0.250000
15 1 1035 0.125000
593 1 1035 0.250000
1764 1 398 0.500000
1853 1 398 0.200000
1866 1 398 0.333333
1872 1 398 0.200000
1898 1 398 0.500000
1853 1 640 0.200000
1872 1 640 0.200000
1927 1 640 1.000000
1965 1 640 0.200000
2022 1 640 0.250000
2035 1 640 0.333333
1853 1 1087 0.200000
1872 1 1087 0.200000
1965 1 1087 0.200000
1764 1 2573 0.500000
1826 1 2573 0.500000
1853 1 2573 0.200000
1856 1 2573 0.500000
1866 1 2573 0.333333
1872 1 2573 0.200000
1898 1 2573 0.500000
1965 1 2573 0.200000
1971 1 2573 0.500000
1866 1 2749 0.333333
1484 1 1506 0.333333
1484 1 410 0.333333
1460 1 810 0.500000
1418 1 2170 0.500000
1581 1 2170 0.250000
1668 1 2170 0.250000
1494 1 419 0.500000
1403 1 791 0.100000
1403 1 421 0.100000
1403 1 1126 0.100000
1403 1 1310 0.100000
1403 1 1404 0.100000
1403 1 1646 0.100000
1403 1 2757 0.100000
328 1 425 0.500000
1691 1 2892 0.333333
1721 1 2892 0.333333
1640 1 2844 0.333333
432 1 3103 0.200000
2022 1 445 0.250000
2022 1 2572 0.250000
1420 1 1052 0.333333
1444 1 1052 0.333333
1660 1 1052 0.111111
1660 1 450 0.111111
1418 1 1307 0.500000
1444 1 1307 0.333333
1513 1 1307 1.000000
1581 1 1307 0.250000
1660 1 1307 0.111111
1668 1 1307 0.250000
1660 1 1564 0.111111
1512 1 1580 0.333333
1537 1 1580 0.500000
1621 1 1580 0.500000
1660 1 1580 0.111111
1660 1 2323 0.111111
971 1 1031 0.250000
1232 1 1031 0.250000
971 1 451 0.250000
1232 1 451 0.250000
764 1 1117 0.500000
804 1 1117 0.500000
815 1 1117 1.000000
879 1 1117 0.500000
971 1 1117 0.250000
981 1 1117 0.500000
1020 1 1117 0.500000
1095 1 1117 0.200000
1174 1 1117 1.000000
1322 1 1117 0.500000
1232 1 1118 0.250000
1232 1 3176 0.250000
1462 1 1688 0.333333
1462 1 453 0.333333
1113 1 995 0.200000
1113 1 456 0.200000
1113 1 2396 0.200000
1113 1 2748 0.200000
716 1 542 0.200000
716 1 874 0.200000
716 1 1196 0.200000
1255 1 1859 0.500000
716 1 2784 0.200000
775 1 2784 0.500000
1071 1 460 0.250000
887 1 1418 0.500000
1071 1 2217 0.250000
1071 1 2597 0.250000
578 1 2974 0.066667
1017 1 2974 0.200000
1176 1 2974 0.333333
1314 1 2974 0.200000
1611 1 1744 0.333333
1611 1 2145 0.333333
948 1 1799 0.250000
1234 1 1799 0.500000
948 1 2557 0.250000
1163 1 2558 0.333333
1163 1 2853 0.333333
668 1 465 0.500000
1650 1 2797 0.200000
1119 1 2663 0.500000
735 1 1260 0.500000
912 1 1260 0.500000
1041 1 1260 0.250000
1100 1 1260 0.250000
216 1 786 0.166667
578 1 786 0.066667
578 1 471 0.066667
578 1 1098 0.066667
578 1 1099 0.066667
578 1 1875 0.066667
578 1 1922 0.066667
578 1 1966 0.066667
578 1 2180 0.066667
216 1 2185 0.166667
578 1 2185 0.066667
394 1 2646 0.333333
578 1 2646 0.066667
578 1 2764 0.066667
216 1 2964 0.166667
578 1 2964 0.066667
578 1 3132 0.066667
474 1 739 0.250000
580 1 739 0.200000
474 1 477 0.250000
580 1 477 0.200000
580 1 1250 0.200000
355 1 1251 0.250000
474 1 1251 0.250000
580 1 1251 0.200000
1608 1 2981 0.142857
1789 1 570 1.000000
1870 1 570 0.333333
1948 1 570 0.333333
1870 1 479 0.333333
1948 1 479 0.333333
1786 1 2719 0.500000
1814 1 2719 0.500000
1870 1 2719 0.333333
1943 1 2719 0.250000
1948 1 2719 0.333333
1981 1 2719 0.500000
2009 1 2719 0.250000
2034 1 2719 0.333333
231 1 585 0.250000
473 1 585 0.250000
508 1 585 0.250000
231 1 481 0.250000
508 1 481 0.250000
231 1 2188 0.250000
238 1 2188 0.500000
422 1 2188 0.500000
473 1 2188 0.250000
508 1 2188 0.250000
665 1 2188 1.000000
1094 1 2188 1.000000
1745 1 2188 0.333333
1751 1 2188 0.333333
1367 1 484 0.333333
1377 1 484 0.500000
1566 1 484 0.500000
1367 1 1498 0.333333
983 1 2117 0.333333
1011 1 2117 0.200000
1566 1 2117 0.500000
1377 1 2609 0.500000
1367 1 2864 0.333333
793 1 1949 0.500000
1732 1 1949 0.333333
1743 1 1949 0.500000
1745 1 1949 0.333333
1751 1 1949 0.333333
1424 1 488 1.000000
1663 1 488 1.000000
1395 1 1880 0.166667
1608 1 1463 0.142857
1501 1 500 0.250000
1501 1 2932 0.250000
1568 1 1237 0.333333
1670 1 1237 0.333333
1943 1 2436 0.250000
2034 1 2436 0.333333
1943 1 506 0.250000
2034 1 506 0.333333
1416 1 509 1.000000
435 1 711 0.166667
435 1 523 0.166667
435 1 769 0.166667
435 1 1156 0.166667
435 1 2694 0.166667
106 1 1441 0.166667
106 1 527 0.166667
106 1 2732 0.166667
106 1 2947 0.166667
1763 1 1733 0.333333
1756 1 2214 0.500000
1763 1 2214 0.333333
1902 1 2214 1.000000
2004 1 2214 0.250000
2008 1 2214 1.000000
2016 1 2214 0.500000
1776 1 2806 0.333333
1783 1 2806 0.333333
1788 1 2806 0.333333
1862 1 2806 0.333333
1864 1 2806 0.500000
1974 1 2806 0.333333
1776 1 2915 0.333333
1783 1 2915 0.333333
1788 1 2915 0.333333
1848 1 2915 0.500000
1862 1 2915 0.333333
1974 1 2915 0.333333
269 1 555 0.250000
1809 1 555 0.250000
2004 1 555 0.250000
2011 1 555 0.250000
1809 1 533 0.250000
1812 1 533 0.250000
1812 1 556 0.250000
1812 1 2215 0.250000
1809 1 2216 0.250000
1809 1 2452 0.250000
1812 1 2452 0.250000
498 1 1081 0.111111
498 1 537 0.111111
498 1 1155 0.111111
498 1 2042 0.111111
498 1 2966 0.111111
345 1 3110 0.333333
469 1 3110 0.333333
498 1 3110 0.111111
559 1 3110 0.500000
498 1 3188 0.111111
1143 1 2598 0.500000
1166 1 2598 0.500000
1219 1 2598 0.500000
1143 1 540 0.500000
1166 1 540 0.500000
71 1 544 0.333333
71 1 2979 0.333333
98 1 2592 0.250000
177 1 2592 0.166667
212 1 2592 0.125000
794 1 832 0.250000
807 1 832 0.250000
820 1 832 0.500000
940 1 832 0.333333
975 1 832 0.250000
1080 1 832 0.500000
1099 1 832 0.250000
1074 1 833 0.500000
1162 1 833 0.333333
794 1 1884 0.250000
807 1 1884 0.250000
975 1 1884 0.250000
1099 1 1884 0.250000
2011 1 568 0.250000
269 1 1011 0.250000
2004 1 1926 0.250000
2011 1 1926 0.250000
1804 1 2888 1.000000
2004 1 2888 0.250000
2011 1 2888 0.250000
2016 1 2888 0.500000
269 1 3202 0.250000
269 1 3271 0.250000
1683 1 853 0.200000
1683 1 1920 0.200000
1704 1 1920 0.333333
1709 1 1920 0.250000
1717 1 1920 0.250000
1709 1 2330 0.250000
1717 1 2330 0.250000
1944 1 2294 0.166667
1944 1 563 0.166667
1274 1 2446 0.333333
1944 1 2446 0.166667
1757 1 2714 0.500000
1855 1 2714 1.000000
1925 1 2714 0.500000
1944 1 2714 0.166667
1944 1 2715 0.166667
1514 1 1060 0.500000
1578 1 1060 0.500000
1439 1 2679 0.500000
1456 1 2679 0.500000
1467 1 2679 0.500000
1589 1 2679 0.500000
746 1 692 0.500000
250 1 1168 0.200000
360 1 1168 0.200000
613 1 1168 0.200000
62 1 3229 0.250000
86 1 3229 0.250000
117 1 3229 0.500000
151 1 3229 0.500000
217 1 3229 0.500000
250 1 3229 0.200000
295 1 3229 0.250000
446 1 3229 0.333333
1521 1 1354 0.500000
1544 1 1354 0.500000
1643 1 1850 0.333333
238 1 2652 0.500000
422 1 2652 0.500000
473 1 2652 0.250000
212 1 908 0.125000
212 1 1932 0.125000
212 1 2152 0.125000
212 1 2218 0.125000
212 1 2535 0.125000
212 1 2986 0.125000
177 1 1079 0.166667
1233 1 1079 0.333333
1233 1 592 0.333333
1233 1 1243 0.333333
1760 1 2587 0.333333
1760 1 2861 0.333333
1786 1 2861 0.500000
1814 1 2861 0.500000
1935 1 2861 1.000000
1981 1 2861 0.500000
2009 1 2861 0.250000
721 1 2187 0.333333
1030 1 605 0.500000
1171 1 605 0.500000
1477 1 612 0.333333
1477 1 1918 0.333333
1891 1 614 0.142857
1891 1 1929 0.142857
1891 1 2344 0.142857
1929 1 2344 0.250000
1891 1 2936 0.142857
24 1 1352 0.500000
1390 1 1625 0.500000
1426 1 631 0.142857
1426 1 619 0.142857
1426 1 2850 0.142857
1426 1 2857 0.142857
1426 1 2939 0.142857
1712 1 3059 0.500000
1714 1 3059 0.500000
1692 1 3060 0.500000
1773 1 3060 1.000000
1908 1 3060 0.500000
1923 1 3060 1.000000
1985 1 3060 0.500000
1991 1 3060 0.500000
291 1 920 0.250000
360 1 920 0.200000
590 1 921 0.200000
613 1 921 0.200000
574 1 922 0.500000
595 1 922 0.500000
590 1 2545 0.200000
590 1 2976 0.200000
603 1 1559 0.250000
603 1 625 0.250000
603 1 2220 0.250000
432 1 860 0.200000
49 1 988 0.250000
145 1 988 0.500000
49 1 633 0.250000
49 1 2685 0.250000
49 1 3131 0.250000
645 1 635 0.500000
993 1 635 0.500000
1081 1 635 0.500000
721 1 2483 0.333333
901 1 2483 0.500000
902 1 2483 0.500000
951 1 2483 0.500000
987 1 2483 0.500000
1315 1 2483 0.500000
1348 1 2483 0.500000
901 1 636 0.500000
902 1 636 0.500000
951 1 636 0.500000
987 1 636 0.500000
1348 1 636 0.500000
2035 1 1408 0.333333
2035 1 1820 0.333333
666 1 1474 0.500000
705 1 1474 0.500000
721 1 1474 0.333333
821 1 1474 0.500000
859 1 1474 0.500000
908 1 1474 0.500000
1122 1 1474 1.000000
1129 1 1474 0.500000
1274 1 1474 0.333333
1315 1 1474 0.500000
1341 1 1474 0.500000
1345 1 1474 0.500000
705 1 653 0.500000
859 1 653 0.500000
908 1 653 0.500000
1129 1 653 0.500000
1341 1 653 0.500000
1345 1 653 0.500000
1411 1 858 0.200000
1411 1 656 0.200000
1411 1 1366 0.200000
1411 1 1385 0.200000
1384 1 657 0.250000
1384 1 980 0.250000
1384 1 1520 0.250000
259 1 694 0.166667
259 1 668 0.166667
45 1 1074 1.000000
51 1 1074 1.000000
95 1 1074 1.000000
259 1 1074 0.166667
433 1 1074 1.000000
532 1 1074 1.000000
259 1 1379 0.166667
259 1 2398 0.166667
25 1 675 0.333333
25 1 3104 0.333333
147 1 3104 0.500000
157 1 3104 0.333333
675 1 1059 0.333333
675 1 678 0.333333
675 1 1939 0.333333
1395 1 682 0.166667
1395 1 1111 0.166667
1395 1 2093 0.166667
1937 1 3240 0.111111
1988 1 3240 0.250000
211 1 1177 0.250000
211 1 688 0.250000
211 1 2595 0.250000
746 1 2644 0.500000
1370 1 2266 0.500000
216 1 700 0.166667
216 1 787 0.166667
216 1 1344 0.166667
1671 1 871 0.100000
1671 1 705 0.100000
1671 1 1028 0.100000
1671 1 1509 0.100000
1617 1 1854 0.500000
1628 1 1854 0.500000
1661 1 1854 0.500000
1671 1 1854 0.100000
1671 1 2366 0.100000
1371 1 2479 1.000000
1379 1 2479 1.000000
1394 1 2479 0.333333
1473 1 2479 1.000000
1550 1 2479 1.000000
1617 1 2479 0.500000
1628 1 2479 0.500000
1661 1 2479 0.500000
1671 1 2479 0.100000
1677 1 2479 1.000000
824 1 842 0.250000
1135 1 842 0.500000
824 1 1471 0.250000
1011 1 715 0.200000
1011 1 3096 0.200000
1608 1 913 0.142857
1608 1 718 0.142857
1608 1 1021 0.142857
1608 1 2011 0.142857
69 1 735 0.142857
345 1 735 0.333333
469 1 735 0.333333
69 1 1280 0.142857
69 1 1605 0.142857
69 1 1925 0.142857
69 1 2244 0.142857
69 1 2683 0.142857
69 1 3204 0.142857
1361 1 1715 0.333333
1726 1 2225 0.333333
1726 1 741 0.333333
180 1 745 0.250000
1 1 744 0.500000
20 1 744 1.000000
180 1 744 0.250000
431 1 744 0.500000
478 1 744 1.000000
180 1 3135 0.250000
180 1 3228 0.250000
1691 1 751 0.333333
1701 1 751 1.000000
1721 1 751 0.333333
148 1 1643 0.200000
515 1 2250 0.333333
148 1 2263 0.200000
515 1 2820 0.333333
148 1 2821 0.200000
148 1 3033 0.200000
1476 1 756 0.500000
167 1 2389 0.333333
173 1 826 0.250000
347 1 826 0.250000
29 1 781 0.500000
173 1 781 0.250000
290 1 781 0.333333
335 1 781 0.333333
347 1 781 0.250000
290 1 1492 0.333333
335 1 1492 0.333333
290 1 2684 0.333333
335 1 2684 0.333333
173 1 2807 0.250000
347 1 2807 0.250000
173 1 3120 0.250000
347 1 3120 0.250000
644 1 2620 0.500000
683 1 2620 0.500000
890 1 2620 0.500000
1214 1 797 0.333333
1214 1 2437 0.333333
790 1 1142 0.333333
868 1 1142 0.333333
1300 1 1142 0.250000
1980 1 933 0.500000
369 1 1447 0.500000
1982 1 1898 0.333333
2007 1 1898 0.500000
54 1 2385 0.500000
646 1 2971 0.500000
1172 1 2971 0.500000
1216 1 2971 0.500000
1460 1 1577 0.500000
428 1 816 0.500000
80 1 817 0.200000
80 1 1500 0.200000
80 1 2124 0.200000
80 1 2415 0.200000
1187 1 957 0.142857
1187 1 822 0.142857
1187 1 958 0.142857
1187 1 1788 0.142857
1187 1 1872 0.142857
1187 1 3238 0.142857
627 1 977 0.250000
913 1 977 0.500000
956 1 977 0.250000
973 1 977 0.333333
1247 1 977 0.200000
812 1 823 0.250000
1247 1 823 0.200000
812 1 2228 0.250000
1247 1 2228 0.200000
812 1 3044 0.250000
1247 1 3044 0.200000
98 1 1287 0.250000
98 1 828 0.250000
98 1 2756 0.250000
177 1 2756 0.166667
983 1 831 0.333333
1176 1 1956 0.333333
1176 1 837 0.333333
920 1 844 1.000000
1088 1 844 0.333333
1116 1 844 0.333333
1088 1 843 0.333333
1116 1 843 0.333333
695 1 2184 0.250000
695 1 2636 0.250000
695 1 2859 0.250000
55 1 851 0.200000
55 1 1226 0.200000
55 1 1494 0.200000
55 1 3242 0.200000
1982 1 872 0.333333
1982 1 2120 0.333333
1995 1 2120 0.500000
2021 1 2120 0.500000
894 1 876 0.500000
62 1 898 0.250000
86 1 898 0.250000
295 1 898 0.250000
62 1 2978 0.250000
86 1 2978 0.250000
278 1 2978 0.250000
295 1 2978 0.250000
1622 1 2541 0.333333
1622 1 3169 0.333333
477 1 1038 0.500000
111 1 1095 0.333333
111 1 1328 0.333333
452 1 3114 0.500000
1945 1 3114 1.000000
1977 1 3114 1.000000
898 1 918 0.500000
1256 1 918 0.500000
1274 1 919 0.333333
1629 1 938 0.333333
1629 1 2043 0.333333
1640 1 941 0.333333
1640 1 3172 0.333333
242 1 942 0.333333
242 1 3161 0.333333
725 1 944 0.200000
1078 1 944 0.333333
1177 1 944 0.200000
725 1 2706 0.200000
1177 1 2706 0.200000
1219 1 2706 0.500000
635 1 2709 0.333333
642 1 2709 0.333333
725 1 2709 0.200000
856 1 2709 0.333333
936 1 2709 0.333333
1078 1 2709 0.333333
1177 1 2709 0.200000
725 1 2860 0.200000
1177 1 2860 0.200000
617 1 1257 0.333333
617 1 949 0.333333
1096 1 952 1.000000
1231 1 952 0.333333
727 1 1128 0.333333
145 1 968 0.500000
446 1 968 0.333333
627 1 2743 0.250000
913 1 2743 0.500000
1356 1 3107 0.333333
364 1 1985 0.333333
5 1 2065 0.333333
130 1 2065 0.250000
380 1 2065 0.333333
620 1 2634 0.250000
1261 1 2634 0.250000
620 1 1019 0.250000
1261 1 1019 0.250000
620 1 2637 0.250000
1261 1 2637 0.250000
140 1 2613 0.200000
247 1 1198 0.142857
1346 1 2698 0.333333
1346 1 1033 0.333333
15 1 1077 0.125000
7 1 1359 0.333333
15 1 1359 0.125000
39 1 1359 0.333333
593 1 1359 0.250000
593 1 2313 0.250000
15 1 2315 0.125000
15 1 2871 0.125000
15 1 3000 0.125000
15 1 3006 0.125000
140 1 1044 0.200000
140 1 2060 0.200000
140 1 2107 0.200000
141 1 1047 0.500000
296 1 1051 0.166667
455 1 1051 0.333333
168 1 1794 0.333333
177 1 1794 0.166667
296 1 1794 0.166667
168 1 2195 0.333333
177 1 2195 0.166667
296 1 2195 0.166667
393 1 2195 0.500000
1420 1 1321 0.333333
1444 1 1321 0.333333
1050 1 1061 0.333333
196 1 1339 0.500000
1624 1 1882 0.333333
1624 1 2824 0.333333
637 1 1101 0.500000
1012 1 1101 0.500000
1024 1 1101 0.500000
1182 1 1105 0.500000
1670 1 1323 0.333333
157 1 1114 0.333333
764 1 1259 0.500000
804 1 1259 0.500000
879 1 1259 0.500000
981 1 1259 0.500000
1020 1 1259 0.500000
1322 1 1259 0.500000
1095 1 2017 0.200000
1095 1 2019 0.200000
1095 1 2518 0.200000
1095 1 2519 0.200000
1300 1 1666 0.250000
1300 1 1678 0.250000
790 1 1845 0.333333
868 1 1845 0.333333
1109 1 1845 0.500000
829 1 2650 0.500000
933 1 2650 0.500000
1049 1 2650 0.500000
1300 1 2650 0.250000
1662 1 1664 0.166667
1662 1 1768 0.166667
1662 1 2556 0.166667
1662 1 2742 0.166667
731 1 1478 0.200000
731 1 1152 0.200000
731 1 2183 0.200000
731 1 2368 0.200000
731 1 2900 0.200000
682 1 2942 1.000000
568 1 1160 0.250000
394 1 2376 0.333333
247 1 1513 0.142857
247 1 1621 0.142857
247 1 1745 0.142857
247 1 1757 0.142857
247 1 3064 0.142857
773 1 1336 0.166667
1036 1 1336 0.333333
1293 1 1336 0.333333
773 1 1199 0.166667
773 1 3068 0.166667
773 1 3105 0.166667
1036 1 3105 0.333333
1293 1 3105 0.333333
656 1 3257 0.500000
773 1 3257 0.166667
895 1 3257 0.166667
763 1 3267 0.333333
773 1 3267 0.166667
895 1 3267 0.166667
916 1 3267 0.333333
1034 1 3267 1.000000
1036 1 3267 0.333333
1293 1 3267 0.333333
670 1 2586 0.333333
1338 1 2586 0.333333
670 1 1202 0.333333
1338 1 1202 0.333333
688 1 3101 0.333333
854 1 3101 0.333333
1338 1 3101 0.333333
594 1 3141 1.000000
670 1 3141 0.333333
707 1 3141 0.500000
851 1 3141 0.500000
911 1 3141 0.250000
929 1 3141 0.500000
472 1 1475 0.250000
472 1 1217 0.250000
472 1 3020 0.250000
1568 1 1375 0.333333
1568 1 3126 0.333333
1670 1 3162 0.333333
1599 1 1306 0.333333
1599 1 1246 0.333333
355 1 1252 0.250000
355 1 1670 0.250000
1382 1 1254 0.500000
1041 1 1499 0.250000
1100 1 1499 0.250000
735 1 2571 0.500000
912 1 2571 0.500000
1041 1 2571 0.250000
1100 1 2571 0.250000
1637 1 1278 0.250000
1637 1 1429 0.250000
1937 1 1290 0.111111
1937 1 2377 0.111111
1937 1 3116 0.111111
1774 1 3180 0.200000
1840 1 3180 0.250000
1893 1 3180 0.250000
1937 1 3180 0.111111
1958 1 3180 0.250000
2005 1 3180 0.200000
1840 1 3205 0.250000
1893 1 3205 0.250000
1937 1 3205 0.111111
1937 1 3234 0.111111
1774 1 3121 0.200000
1958 1 3121 0.250000
2005 1 3121 0.200000
1774 1 3211 0.200000
1840 1 3211 0.250000
1893 1 3211 0.250000
1958 1 3211 0.250000
2005 1 3211 0.200000
2021 1 1296 0.500000
1995 1 1297 0.500000
1581 1 2950 0.250000
1668 1 2950 0.250000
1581 1 2953 0.250000
1668 1 2953 0.250000
719 1 1311 0.500000
929 1 1311 0.500000
719 1 3145 0.500000
1039 1 3145 0.500000
1756 1 1313 0.500000
1901 1 1313 1.000000
2019 1 1313 1.000000
1988 1 1855 0.250000
1988 1 3115 0.250000
1569 1 1839 0.250000
1356 1 1335 0.333333
1356 1 1458 0.333333
196 1 2665 0.500000
7 1 1358 0.333333
39 1 1358 0.333333
409 1 2828 0.333333
409 1 1362 0.333333
72 1 3053 1.000000
409 1 3053 0.333333
434 1 3053 0.500000
702 1 2384 0.500000
1313 1 2384 0.500000
887 1 2090 0.500000
1929 1 2717 0.250000
1057 1 1428 0.333333
1057 1 2623 0.333333
1352 1 1434 0.142857
1391 1 1434 0.333333
1352 1 2002 0.142857
1352 1 2100 0.142857
1391 1 2100 0.333333
941 1 1452 0.500000
1457 1 1462 0.250000
1491 1 1462 0.250000
1457 1 2729 0.250000
1491 1 2729 0.250000
1457 1 3197 0.250000
1491 1 3197 0.250000
688 1 1591 0.333333
854 1 1591 0.333333
688 1 1787 0.333333
854 1 1787 0.333333
724 1 2946 0.500000
1060 1 2946 0.500000
1065 1 2946 0.500000
1239 1 2946 0.500000
821 1 1837 0.500000
1087 1 1837 1.000000
1336 1 1837 1.000000
828 1 1482 0.250000
1010 1 1482 0.333333
1223 1 1482 0.333333
1010 1 2114 0.333333
1223 1 2114 0.333333
828 1 2171 0.250000
828 1 2457 0.250000
828 1 2738 0.250000
643 1 1488 0.500000
681 1 1488 0.250000
780 1 1488 0.250000
919 1 1488 0.500000
1000 1 1488 0.500000
1003 1 1488 0.333333
780 1 1486 0.250000
681 1 1869 0.250000
780 1 1869 0.250000
1120 1 1869 1.000000
780 1 2596 0.250000
919 1 2596 0.500000
681 1 1615 0.250000
1000 1 1983 0.500000
643 1 2413 0.500000
1003 1 2413 0.333333
681 1 3244 0.250000
1645 1 2274 0.333333
1528 1 2276 0.333333
1528 1 3192 0.333333
1645 1 3192 0.333333
653 1 1767 0.333333
1269 1 1767 0.333333
1297 1 1767 0.333333
653 1 2108 0.333333
1269 1 2108 0.333333
1297 1 2108 0.333333
762 1 2402 0.500000
1206 1 2402 0.500000
1510 1 1957 0.142857
1510 1 2174 0.142857
1510 1 2737 0.142857
1510 1 2963 0.142857
1199 1 1749 0.200000
853 1 1554 0.333333
910 1 1554 0.200000
977 1 1554 0.200000
1156 1 1554 0.200000
1199 1 1554 0.200000
977 1 1906 0.200000
1156 1 1906 0.200000
977 1 1907 0.200000
1156 1 1907 0.200000
853 1 1908 0.333333
910 1 1908 0.200000
977 1 1908 0.200000
1156 1 1908 0.200000
1199 1 1908 0.200000
910 1 2046 0.200000
924 1 2046 0.250000
910 1 2607 0.200000
924 1 2607 0.250000
1199 1 2607 0.200000
1199 1 3148 0.200000
1803 1 1590 0.500000
1897 1 1590 1.000000
707 1 1611 0.500000
635 1 1887 0.333333
642 1 1887 0.333333
734 1 1887 0.250000
856 1 1887 0.333333
936 1 1887 0.333333
734 1 1619 0.250000
734 1 3198 0.250000
1857 1 3198 1.000000
777 1 1659 0.500000
1732 1 1659 0.333333
1732 1 2975 0.333333
777 1 3232 0.500000
793 1 1661 0.500000
829 1 1667 0.500000
933 1 1667 0.500000
1049 1 1667 0.500000
1863 1 3156 0.500000
654 1 2223 0.250000
657 1 2223 0.250000
706 1 2223 0.250000
984 1 2223 0.250000
1197 1 2223 0.250000
984 1 1671 0.250000
654 1 3194 0.250000
657 1 3194 0.250000
706 1 3194 0.250000
984 1 3194 0.250000
1197 1 3194 0.250000
791 1 1679 0.500000
1017 1 1905 0.200000
1314 1 1905 0.200000
1017 1 1694 0.200000
1314 1 1694 0.200000
1017 1 2774 0.200000
1314 1 2774 0.200000
1017 1 2926 0.200000
1314 1 2926 0.200000
915 1 1984 0.333333
1402 1 2138 0.333333
1402 1 1735 0.333333
624 1 2116 0.250000
624 1 1771 0.250000
168 1 1807 0.333333
1234 1 2320 0.500000
278 1 2360 0.250000
278 1 1800 0.250000
169 1 2364 0.500000
278 1 2364 0.250000
1848 1 1818 0.500000
953 1 1846 0.500000
1643 1 1914 0.333333
878 1 2292 0.500000
1394 1 1952 0.333333
1394 1 3136 0.333333
736 1 1986 0.500000
916 1 2012 0.333333
1312 1 2030 0.500000
1826 1 2037 0.500000
1856 1 2037 0.500000
1922 1 2037 1.000000
1971 1 2037 0.500000
1958 1 2044 0.250000
924 1 2045 0.250000
924 1 2640 0.250000
5 1 2132 0.333333
130 1 2132 0.250000
380 1 2132 0.333333
130 1 2168 0.250000
5 1 3201 0.333333
380 1 3201 0.333333
1026 1 2073 0.500000
1084 1 2073 0.500000
851 1 2136 0.500000
1467 1 2186 0.500000
1217 1 2233 0.333333
1283 1 2233 0.333333
836 1 3219 0.500000
852 1 3219 0.333333
1055 1 3219 0.500000
1186 1 3219 0.333333
1217 1 3219 0.333333
1228 1 3219 0.333333
1283 1 3219 0.333333
641 1 2511 0.250000
648 1 2511 0.250000
1005 1 2511 0.250000
1276 1 2511 0.250000
1305 1 2511 0.250000
1306 1 2511 0.250000
641 1 2271 0.250000
648 1 2271 0.250000
1005 1 2271 0.250000
1267 1 2271 0.250000
1276 1 2271 0.250000
1305 1 2271 0.250000
1306 1 2271 0.250000
1267 1 2530 0.250000
641 1 3102 0.250000
648 1 3102 0.250000
1005 1 3102 0.250000
1267 1 3102 0.250000
1276 1 3102 0.250000
1305 1 3102 0.250000
1306 1 3102 0.250000
911 1 2363 0.250000
911 1 2365 0.250000
36 1 2334 0.333333
1762 1 2343 0.500000
1917 1 2343 0.500000
1921 1 2343 0.500000
169 1 2361 0.500000
1840 1 2379 0.250000
1893 1 2379 0.250000
167 1 2383 0.333333
167 1 2390 0.333333
1039 1 2403 0.500000
1228 1 2606 0.333333
2009 1 2616 0.250000
2009 1 2611 0.250000
763 1 2705 0.333333
895 1 2705 0.166667
895 1 2617 0.166667
656 1 3184 0.500000
895 1 3184 0.166667
763 1 3237 0.333333
895 1 3237 0.166667
1456 1 2668 0.500000
452 1 2692 0.500000
1695 1 2889 0.500000
1705 1 2889 0.333333
9 1 3021 0.250000
1695 1 3158 0.500000
1705 1 3158 0.333333
9 1 3222 0.250000
1186 1 2905 0.333333
852 1 3175 0.333333
