1699 1 1699 0.500000
5409 1 5409 0.500000
1398 1 1398 0.500000
3571 1 3571 0.500000
1585 1 1585 0.500000
3618 1 3618 0.500000
3492 1 3492 0.500000
3864 1 3864 0.500000
6333 1 6333 0.500000
2861 1 2861 0.500000
5849 1 5849 0.500000
1159 1 1159 0.500000
5343 1 5343 0.500000
1851 1 1851 0.500000
4240 1 4240 0.500000
5631 1 5631 0.500000
591 1 591 0.500000
2525 1 2525 0.500000
4558 1 4558 0.500000
3852 1 3852 0.500000
4839 1 4839 0.500000
4108 1 4108 0.500000
885 1 885 0.500000
136 1 136 0.500000
2952 1 2952 0.500000
5518 1 5518 0.500000
1250 1 1250 0.500000
5943 1 5943 0.500000
4100 1 4100 0.500000
4796 1 4796 0.500000
1991 1 1991 0.500000
1618 1 1618 0.500000
5368 1 5368 0.500000
1286 1 1286 0.500000
3271 1 3271 0.500000
13 1 13 0.500000
2016 1 2016 0.500000
1665 1 1665 1.000000
6165 1 6165 0.500000
2533 1 2533 0.500000
2639 1 2639 0.500000
2045 1 2045 0.500000
802 1 802 0.500000
2368 1 2368 0.500000
5882 1 5882 0.500000
4021 1 4021 0.500000
4491 1 4491 0.500000
4473 1 4473 0.500000
4685 1 4685 0.500000
5815 1 5815 0.500000
5065 1 5065 0.500000
2317 1 2317 0.500000
292 1 292 1.000000
1219 1 1219 0.500000
6048 1 6048 0.500000
5236 1 5236 0.500000
5097 1 5097 0.500000
5466 1 5466 0.500000
867 1 867 0.500000
2841 1 2841 0.500000
5215 1 5215 0.500000
6288 1 6288 0.500000
494 1 494 0.500000
4671 1 4671 0.500000
152 1 152 0.500000
3206 1 3206 1.000000
5135 1 5135 0.500000
5510 1 5510 0.500000
1975 1 1975 0.500000
4285 1 4285 0.500000
4206 1 4206 0.500000
648 1 648 0.500000
4679 1 4679 0.500000
4678 1 4678 0.500000
2912 1 2912 0.500000
4583 1 4583 0.500000
944 1 944 0.500000
1922 1 1922 0.500000
337 1 337 0.500000
2109 1 2109 0.500000
5938 1 5938 0.500000
469 1 469 0.500000
4313 1 4313 0.500000
373 1 373 0.500000
581 1 581 0.500000
5256 1 5256 0.500000
2786 1 2786 0.500000
1912 1 1912 0.500000
5827 1 5827 0.500000
2238 1 2238 0.500000
4745 1 4745 0.500000
1983 1 1983 0.500000
4462 1 4462 0.500000
3157 1 3157 0.500000
721 1 721 0.500000
6141 1 6141 0.500000
1510 1 1510 0.500000
5923 1 5923 0.500000
6257 1 6257 0.500000
5113 1 5113 0.500000
2866 1 2866 0.500000
5704 1 5704 0.500000
3184 1 3184 0.500000
5086 1 5086 0.500000
4573 1 4573 0.500000
5950 1 5950 0.500000
2945 1 2945 0.500000
984 1 984 0.500000
24 1 24 0.500000
5244 1 5244 0.500000
2363 1 2363 0.500000
2592 1 2592 0.500000
2601 1 2601 0.500000
5401 1 5401 0.500000
6259 1 6259 0.500000
2531 1 2531 0.500000
6045 1 6045 0.500000
404 1 404 0.500000
947 1 947 0.500000
3800 1 3800 0.500000
247 1 247 0.500000
4914 1 4914 0.500000
3487 1 3487 0.500000
4688 1 4688 0.500000
1260 1 1260 0.500000
201 1 201 0.500000
2158 1 2158 0.500000
4148 1 4148 1.000000
3938 1 3938 0.500000
4601 1 4601 0.500000
5562 1 5562 0.500000
6081 1 6081 0.500000
4944 1 4944 0.500000
6311 1 6311 0.500000
836 1 836 1.000000
5700 1 5700 0.500000
2920 1 2920 0.500000
2894 1 2894 0.500000
5426 1 5426 0.500000
179 1 179 0.500000
471 1 471 1.000000
2278 1 2278 0.500000
618 1 618 0.500000
5324 1 5324 0.500000
2448 1 2448 0.500000
2387 1 2387 0.500000
3565 1 3565 0.500000
4194 1 4194 0.500000
1754 1 1754 0.500000
70 1 70 0.500000
6030 1 6030 0.500000
5727 1 5727 0.500000
6080 1 6080 0.500000
5453 1 5453 0.500000
1944 1 1944 0.500000
826 1 826 0.500000
336 1 336 0.500000
2068 1 2068 0.500000
6270 1 6270 0.500000
4093 1 4093 0.500000
6211 1 6211 0.500000
5920 1 5920 0.500000
3674 1 3674 0.500000
5549 1 5549 0.500000
1663 1 1663 0.500000
3502 1 3502 0.500000
5846 1 5846 0.500000
5464 1 5464 0.500000
5857 1 5857 0.500000
5908 1 5908 0.500000
4964 1 4964 0.500000
2329 1 2329 0.500000
4259 1 4259 0.500000
5420 1 5420 0.500000
4010 1 4010 1.000000
67 1 67 0.500000
4488 1 4488 0.500000
4942 1 4942 1.000000
3480 1 3480 0.500000
4199 1 4199 0.500000
3208 1 3208 0.500000
2262 1 2262 0.500000
5553 1 5553 0.500000
2904 1 2904 0.500000
514 1 514 0.500000
3961 1 3961 0.500000
2223 1 2223 0.500000
793 1 793 0.500000
2865 1 2865 0.500000
1522 1 1522 0.500000
6365 1 6365 0.500000
113 1 113 0.500000
4557 1 4557 0.500000
1588 1 1588 0.500000
1194 1 1194 0.500000
559 1 559 0.500000
1681 1 1681 0.500000
4031 1 4031 0.500000
69 1 69 0.500000
4227 1 4227 0.500000
2758 1 2758 0.500000
2556 1 2556 0.500000
4961 1 4961 0.500000
5340 1 5340 0.500000
4193 1 4193 0.500000
5519 1 5519 0.500000
2624 1 2624 0.500000
769 1 769 0.500000
3598 1 3598 1.000000
3680 1 3680 0.500000
340 1 340 0.500000
5410 1 5410 0.500000
3158 1 3158 1.000000
1999 1 1999 0.500000
3167 1 3167 0.500000
3556 1 3556 0.500000
5812 1 5812 0.500000
3619 1 3619 0.500000
5179 1 5179 0.500000
1928 1 1928 0.500000
2851 1 2851 0.500000
5128 1 5128 0.500000
3880 1 3880 0.500000
4120 1 4120 0.500000
6095 1 6095 0.500000
6214 1 6214 0.500000
429 1 429 0.500000
5151 1 5151 0.500000
862 1 862 0.500000
1486 1 1486 0.500000
5886 1 5886 0.500000
1314 1 1314 0.500000
869 1 869 0.500000
6347 1 6347 0.500000
6268 1 6268 0.500000
3194 1 3194 0.500000
2821 1 2821 1.000000
6143 1 6143 0.500000
5610 1 5610 0.500000
4497 1 4497 0.500000
4581 1 4581 0.500000
2569 1 2569 0.500000
537 1 537 0.500000
4466 1 4466 0.500000
540 1 540 0.500000
2940 1 2940 0.500000
5222 1 5222 0.500000
3008 1 3008 0.500000
6049 1 6049 0.500000
571 1 571 0.500000
3191 1 3191 0.500000
6244 1 6244 0.500000
5912 1 5912 0.500000
5660 1 5660 0.500000
4451 1 4451 0.500000
1446 1 1446 0.500000
5341 1 5341 0.500000
5978 1 5978 0.500000
4435 1 4435 0.500000
787 1 787 0.500000
174 1 174 0.500000
175 1 175 0.500000
3471 1 3471 0.500000
37 1 37 0.500000
3166 1 3166 0.500000
3707 1 3707 0.500000
3807 1 3807 0.500000
6021 1 6021 0.500000
5028 1 5028 0.500000
3791 1 3791 0.500000
84 1 84 0.500000
4484 1 4484 0.500000
6084 1 6084 0.500000
820 1 820 0.500000
1018 1 1018 0.500000
5178 1 5178 0.500000
4409 1 4409 0.500000
5851 1 5851 0.500000
3321 1 3321 0.500000
3412 1 3412 0.500000
221 1 221 0.500000
1777 1 1777 0.500000
641 1 641 0.500000
4963 1 4963 0.500000
804 1 804 0.500000
5138 1 5138 1.000000
2019 1 2019 0.500000
2245 1 2245 0.500000
1819 1 1819 0.500000
2537 1 2537 0.500000
39 1 39 0.500000
5468 1 5468 0.500000
5579 1 5579 0.500000
1050 1 1050 0.500000
3227 1 3227 0.500000
6161 1 6161 1.000000
5026 1 5026 0.500000
318 1 318 0.500000
2237 1 2237 1.000000
4102 1 4102 0.500000
241 1 241 0.500000
4945 1 4945 0.500000
2335 1 2335 1.000000
6313 1 6313 0.500000
2097 1 2097 0.500000
1147 1 1147 0.500000
6001 1 6001 0.500000
5676 1 5676 0.500000
2141 1 2141 0.500000
2637 1 2637 0.500000
1124 1 1124 0.500000
705 1 705 0.500000
1734 1 1734 0.500000
5294 1 5294 0.500000
176 1 176 0.500000
943 1 943 0.500000
20 1 20 0.500000
1849 1 1849 1.000000
1215 1 1215 0.500000
1083 1 1083 0.500000
1226 1 1226 0.500000
6266 1 6266 0.500000
3982 1 3982 0.500000
864 1 864 0.500000
6042 1 6042 0.500000
4485 1 4485 0.500000
446 1 446 0.500000
4026 1 4026 0.500000
4038 1 4038 0.500000
4953 1 4953 0.500000
927 1 927 0.500000
4608 1 4608 0.500000
4139 1 4139 0.500000
4630 1 4630 0.500000
3435 1 3435 0.500000
328 1 328 0.500000
6240 1 6240 0.500000
4938 1 4938 0.500000
5819 1 5819 0.500000
1144 1 1144 0.500000
5942 1 5942 0.500000
5130 1 5130 0.500000
3038 1 3038 0.500000
899 1 899 0.500000
4116 1 4116 0.500000
2681 1 2681 0.500000
833 1 833 0.500000
157 1 157 0.500000
2662 1 2662 0.500000
1317 1 1317 0.500000
3192 1 3192 0.500000
5861 1 5861 0.500000
617 1 617 0.500000
2312 1 2312 0.500000
225 1 225 0.500000
172 1 172 0.500000
231 1 231 0.500000
3338 1 3338 0.500000
413 1 413 0.500000
5557 1 5557 0.500000
4264 1 4264 1.000000
1539 1 1539 0.500000
2563 1 2563 0.500000
3649 1 3649 0.500000
4302 1 4302 1.000000
5712 1 5712 1.000000
2261 1 2261 0.500000
1780 1 1780 0.500000
4921 1 4921 0.500000
6359 1 6359 0.500000
6086 1 6086 0.500000
2900 1 2900 0.500000
1962 1 1962 0.500000
3639 1 3639 0.500000
4017 1 4017 0.500000
2447 1 2447 0.500000
2112 1 2112 0.500000
5160 1 5160 0.500000
4260 1 4260 0.500000
4837 1 4837 0.500000
4750 1 4750 0.500000
3923 1 3923 0.500000
1992 1 1992 0.500000
2897 1 2897 0.500000
6291 1 6291 0.500000
6101 1 6101 0.500000
4793 1 4793 0.500000
3689 1 3689 0.500000
2482 1 2482 0.500000
4916 1 4916 0.500000
2612 1 2612 0.500000
2195 1 2195 0.500000
4970 1 4970 0.500000
1465 1 1465 0.500000
2093 1 2093 0.500000
216 1 216 0.500000
5143 1 5143 0.500000
2323 1 2323 0.500000
4699 1 4699 0.500000
3836 1 3836 0.500000
4040 1 4040 0.500000
4732 1 4732 0.500000
1808 1 1808 0.500000
2425 1 2425 0.500000
6216 1 6216 0.500000
1227 1 1227 0.500000
6107 1 6107 0.500000
1924 1 1924 0.500000
90 1 90 0.500000
2048 1 2048 0.500000
764 1 764 0.500000
3418 1 3418 0.500000
4150 1 4150 0.500000
3554 1 3554 0.500000
792 1 792 0.500000
342 1 342 0.500000
2018 1 2018 1.000000
3522 1 3522 0.500000
332 1 332 0.500000
653 1 653 0.500000
2200 1 2200 0.500000
5299 1 5299 0.500000
1979 1 1979 0.500000
4463 1 4463 0.500000
1600 1 1600 0.500000
442 1 442 0.500000
1846 1 1846 0.500000
4831 1 4831 0.500000
5806 1 5806 0.500000
3631 1 3631 0.500000
1598 1 1598 0.500000
1257 1 1257 0.500000
2509 1 2509 0.500000
3932 1 3932 0.500000
695 1 695 0.500000
4005 1 4005 0.500000
4760 1 4760 0.500000
3785 1 3785 0.500000
5496 1 5496 1.000000
1919 1 1919 0.500000
3660 1 3660 0.500000
5046 1 5046 0.500000
2258 1 2258 0.500000
5594 1 5594 0.500000
1295 1 1295 0.500000
6393 1 6393 0.500000
133 1 133 1.000000
6321 1 6321 0.500000
162 1 162 0.500000
3897 1 3897 0.500000
4653 1 4653 0.500000
1042 1 1042 0.500000
3957 1 3957 0.500000
422 1 422 0.500000
4604 1 4604 0.500000
6128 1 6128 0.500000
1595 1 1595 0.500000
4464 1 4464 0.500000
5255 1 5255 0.500000
299 1 299 0.500000
6246 1 6246 0.500000
5296 1 5296 0.500000
3614 1 3614 0.500000
1969 1 1969 0.500000
4729 1 4729 1.000000
1930 1 1930 0.500000
6399 1 6399 1.000000
713 1 713 0.500000
4365 1 4365 0.500000
163 1 163 0.500000
5293 1 5293 0.500000
4947 1 4947 0.500000
4718 1 4718 0.500000
5322 1 5322 0.500000
3589 1 3589 0.500000
3085 1 3085 0.500000
3653 1 3653 0.500000
2643 1 2643 0.500000
6051 1 6051 0.500000
3572 1 3572 0.500000
1601 1 1601 0.500000
2187 1 2187 0.500000
3768 1 3768 0.500000
346 1 346 0.500000
2081 1 2081 0.500000
3312 1 3312 0.500000
2279 1 2279 0.500000
4747 1 4747 0.500000
818 1 818 0.500000
4043 1 4043 0.500000
2234 1 2234 0.500000
3417 1 3417 0.500000
2438 1 2438 0.500000
1399 1 1399 0.500000
5589 1 5589 0.500000
5636 1 5636 0.500000
2922 1 2922 0.500000
3563 1 3563 0.500000
5351 1 5351 0.500000
5995 1 5995 0.500000
579 1 579 0.500000
1986 1 1986 0.500000
4410 1 4410 0.500000
1868 1 1868 0.500000
5197 1 5197 1.000000
3370 1 3370 0.500000
1336 1 1336 0.500000
2241 1 2241 0.500000
1249 1 1249 0.500000
3969 1 3969 0.500000
5936 1 5936 0.500000
1886 1 1886 1.000000
4546 1 4546 0.500000
5239 1 5239 0.500000
4442 1 4442 1.000000
4906 1 4906 0.500000
3405 1 3405 0.500000
5564 1 5564 0.500000
5821 1 5821 0.500000
234 1 234 0.500000
2056 1 2056 0.500000
1168 1 1168 0.500000
2805 1 2805 0.500000
6170 1 6170 0.500000
3511 1 3511 1.000000
3561 1 3561 1.000000
756 1 756 0.500000
1386 1 1386 0.500000
5295 1 5295 0.500000
1942 1 1942 0.500000
1783 1 1783 0.500000
1337 1 1337 0.500000
253 1 253 0.500000
3755 1 3755 0.500000
5840 1 5840 0.500000
839 1 839 0.500000
5734 1 5734 0.500000
4407 1 4407 0.500000
2248 1 2248 1.000000
4450 1 4450 0.500000
395 1 395 0.500000
1101 1 1101 0.500000
5443 1 5443 0.500000
4662 1 4662 0.500000
6398 1 6398 0.500000
2767 1 2767 0.500000
149 1 149 0.500000
6387 1 6387 0.500000
2147 1 2147 0.500000
1744 1 1744 1.000000
1329 1 1329 0.500000
2632 1 2632 0.500000
2021 1 2021 0.500000
114 1 114 0.500000
5823 1 5823 0.500000
6097 1 6097 0.500000
3450 1 3450 0.500000
778 1 778 0.500000
1301 1 1301 0.500000
1128 1 1128 0.500000
4171 1 4171 0.500000
95 1 95 0.500000
3732 1 3732 0.500000
970 1 970 0.500000
1027 1 1027 1.000000
3570 1 3570 0.500000
2121 1 2121 0.500000
3387 1 3387 0.500000
4659 1 4659 0.500000
1786 1 1786 0.500000
3858 1 3858 0.500000
4915 1 4915 0.500000
5435 1 5435 0.500000
2761 1 2761 0.500000
4245 1 4245 0.500000
2899 1 2899 0.500000
5693 1 5693 0.500000
1194 2 1194 0.500000
5589 2 5589 0.500000
6387 2 6387 0.500000
970 2 970 0.500000
6141 2 6141 0.500000
3852 2 3852 0.500000
2525 2 2525 0.500000
1975 2 1975 0.500000
69 2 69 0.500000
2904 2 2904 0.500000
3271 2 3271 0.500000
6268 2 6268 0.500000
4839 2 4839 0.500000
4747 2 4747 0.500000
5178 2 5178 0.500000
3184 2 3184 0.500000
4653 2 4653 0.500000
514 2 514 0.500000
3961 2 3961 0.500000
4796 2 4796 0.500000
1510 2 1510 0.500000
3674 2 3674 0.500000
6313 2 6313 0.500000
4240 2 4240 0.500000
3166 2 3166 0.500000
2952 2 2952 0.500000
3565 2 3565 0.500000
6333 2 6333 0.500000
6365 2 6365 0.500000
4407 2 4407 0.500000
4963 2 4963 0.500000
4100 2 4100 0.500000
241 2 241 0.500000
5908 2 5908 0.500000
1610 2 1610 1.000000
3321 2 3321 0.500000
2262 2 2262 0.500000
3571 2 3571 0.500000
802 2 802 0.500000
1539 2 1539 0.500000
1465 2 1465 0.500000
5341 2 5341 0.500000
2601 2 2601 0.500000
4463 2 4463 0.500000
2592 2 2592 0.500000
114 2 114 0.500000
4473 2 4473 0.500000
4464 2 4464 0.500000
404 2 404 0.500000
6045 2 6045 0.500000
947 2 947 0.500000
3800 2 3800 0.500000
1868 2 1868 0.500000
5086 2 5086 0.500000
4194 2 4194 0.500000
1249 2 1249 0.500000
2945 2 2945 0.500000
4679 2 4679 0.500000
2363 2 2363 0.500000
1250 2 1250 0.500000
4688 2 4688 0.500000
1522 2 1522 0.500000
3492 2 3492 0.500000
641 2 641 0.500000
5912 2 5912 0.500000
413 2 413 0.500000
591 2 591 0.500000
4558 2 4558 0.500000
5135 2 5135 0.500000
1944 2 1944 0.500000
6170 2 6170 0.500000
5239 2 5239 0.500000
6049 2 6049 0.500000
1227 2 1227 0.500000
1295 2 1295 0.500000
5676 2 5676 0.500000
1991 2 1991 0.500000
2865 2 2865 0.500000
581 2 581 0.500000
5846 2 5846 0.500000
1618 2 1618 0.500000
5510 2 5510 0.500000
4206 2 4206 0.500000
559 2 559 0.500000
446 2 446 0.500000
1588 2 1588 0.500000
5518 2 5518 0.500000
4491 2 4491 0.500000
5296 2 5296 0.500000
5409 2 5409 0.500000
1398 2 1398 0.500000
1734 2 1734 0.500000
2317 2 2317 0.500000
4685 2 4685 0.500000
221 2 221 0.500000
5882 2 5882 0.500000
5401 2 5401 0.500000
5857 2 5857 0.500000
6259 2 6259 0.500000
2121 2 2121 0.500000
5179 2 5179 0.500000
2021 2 2021 0.500000
2109 2 2109 0.500000
3864 2 3864 0.500000
540 2 540 0.500000
6347 2 6347 0.500000
1983 2 1983 0.500000
820 2 820 0.500000
2861 2 2861 0.500000
3689 2 3689 0.500000
5849 2 5849 0.500000
2612 2 2612 0.500000
5943 2 5943 0.500000
2786 2 2786 0.500000
869 2 869 0.500000
1260 2 1260 0.500000
1042 2 1042 0.500000
5130 2 5130 0.500000
5468 2 5468 0.500000
1595 2 1595 0.500000
3556 2 3556 0.500000
373 2 373 0.500000
6266 2 6266 0.500000
3038 2 3038 0.500000
5553 2 5553 0.500000
6165 2 6165 0.500000
2533 2 2533 0.500000
2639 2 2639 0.500000
2045 2 2045 0.500000
2081 2 2081 0.500000
4732 2 4732 0.500000
5942 2 5942 0.500000
2380 2 2380 1.000000
5815 2 5815 0.500000
5065 2 5065 0.500000
113 2 113 0.500000
617 2 617 0.500000
5244 2 5244 0.500000
5466 2 5466 0.500000
3208 2 3208 0.500000
5215 2 5215 0.500000
5299 2 5299 0.500000
2624 2 2624 0.500000
6288 2 6288 0.500000
5464 2 5464 0.500000
231 2 231 0.500000
5113 2 5113 0.500000
37 2 37 0.500000
1930 2 1930 0.500000
3938 2 3938 0.500000
4601 2 4601 0.500000
5562 2 5562 0.500000
6081 2 6081 0.500000
3480 2 3480 0.500000
5594 2 5594 0.500000
3639 2 3639 0.500000
4199 2 4199 0.500000
1851 2 1851 0.500000
5443 2 5443 0.500000
1754 2 1754 0.500000
4947 2 4947 0.500000
4964 2 4964 0.500000
2329 2 2329 0.500000
2894 2 2894 0.500000
6095 2 6095 0.500000
867 2 867 0.500000
4678 2 4678 0.500000
6107 2 6107 0.500000
4285 2 4285 0.500000
648 2 648 0.500000
337 2 337 0.500000
5938 2 5938 0.500000
4108 2 4108 0.500000
469 2 469 0.500000
5420 2 5420 0.500000
3649 2 3649 0.500000
1215 2 1215 0.500000
4017 2 4017 0.500000
3157 2 3157 0.500000
721 2 721 0.500000
178 2 178 1.000000
6257 2 6257 0.500000
201 2 201 0.500000
4040 2 4040 0.500000
494 2 494 0.500000
5704 2 5704 0.500000
5579 2 5579 0.500000
5343 2 5343 0.500000
3167 2 3167 0.500000
5340 2 5340 0.500000
163 2 163 0.500000
5631 2 5631 0.500000
2912 2 2912 0.500000
5812 2 5812 0.500000
2556 2 2556 0.500000
4259 2 4259 0.500000
4557 2 4557 0.500000
5840 2 5840 0.500000
4945 2 4945 0.500000
2531 2 2531 0.500000
5368 2 5368 0.500000
175 2 175 0.500000
3471 2 3471 0.500000
67 2 67 0.500000
2245 2 2245 0.500000
2019 2 2019 0.500000
4116 2 4116 0.500000
2158 2 2158 0.500000
6311 2 6311 0.500000
6240 2 6240 0.500000
1999 2 1999 0.500000
4193 2 4193 0.500000
1699 2 1699 0.500000
84 2 84 0.500000
5700 2 5700 0.500000
2920 2 2920 0.500000
4093 2 4093 0.500000
5160 2 5160 0.500000
1446 2 1446 0.500000
618 2 618 0.500000
5324 2 5324 0.500000
1486 2 1486 0.500000
6211 2 6211 0.500000
4573 2 4573 0.500000
4409 2 4409 0.500000
5920 2 5920 0.500000
5851 2 5851 0.500000
5028 2 5028 0.500000
5549 2 5549 0.500000
4021 2 4021 0.500000
4102 2 4102 0.500000
5256 2 5256 0.500000
1663 2 1663 0.500000
5097 2 5097 0.500000
2841 2 2841 0.500000
826 2 826 0.500000
1912 2 1912 0.500000
4915 2 4915 0.500000
2278 2 2278 0.500000
1924 2 1924 0.500000
6030 2 6030 0.500000
5727 2 5727 0.500000
6080 2 6080 0.500000
5453 2 5453 0.500000
1600 2 1600 0.500000
3858 2 3858 0.500000
336 2 336 0.500000
2068 2 2068 0.500000
3807 2 3807 0.500000
5151 2 5151 0.500000
3768 2 3768 0.500000
769 2 769 0.500000
5613 2 5613 1.000000
62 2 62 1.000000
885 2 885 0.500000
3680 2 3680 0.500000
340 2 340 0.500000
6214 2 6214 0.500000
2323 2 2323 0.500000
2897 2 2897 0.500000
2940 2 2940 0.500000
1219 2 1219 0.500000
4026 2 4026 0.500000
172 2 172 0.500000
4745 2 4745 0.500000
3194 2 3194 0.500000
5128 2 5128 0.500000
5827 2 5827 0.500000
3227 2 3227 0.500000
571 2 571 0.500000
2141 2 2141 0.500000
1928 2 1928 0.500000
1124 2 1124 0.500000
1314 2 1314 0.500000
2986 2 2986 1.000000
5923 2 5923 0.500000
3387 2 3387 0.500000
2258 2 2258 0.500000
2866 2 2866 0.500000
3338 2 3338 0.500000
5410 2 5410 0.500000
6321 2 6321 0.500000
3008 2 3008 0.500000
5293 2 5293 0.500000
2662 2 2662 0.500000
4671 2 4671 0.500000
6244 2 6244 0.500000
39 2 39 0.500000
5236 2 5236 0.500000
4961 2 4961 0.500000
3923 2 3923 0.500000
5564 2 5564 0.500000
5978 2 5978 0.500000
2097 2 2097 0.500000
225 2 225 0.500000
24 2 24 0.500000
4760 2 4760 0.500000
318 2 318 0.500000
5950 2 5950 0.500000
984 2 984 0.500000
4150 2 4150 0.500000
818 2 818 0.500000
2234 2 2234 0.500000
3554 2 3554 0.500000
4260 2 4260 0.500000
5222 2 5222 0.500000
4451 2 4451 0.500000
20 2 20 0.500000
4831 2 4831 0.500000
5557 2 5557 0.500000
4227 2 4227 0.500000
2223 2 2223 0.500000
2425 2 2425 0.500000
793 2 793 0.500000
4583 2 4583 0.500000
944 2 944 0.500000
1681 2 1681 0.500000
4604 2 4604 0.500000
3417 2 3417 0.500000
6304 2 6304 1.000000
6086 2 6086 0.500000
3370 2 3370 0.500000
5519 2 5519 0.500000
5660 2 5660 0.500000
4031 2 4031 0.500000
1777 2 1777 0.500000
1601 2 1601 0.500000
3312 2 3312 0.500000
136 2 136 0.500000
13 2 13 0.500000
792 2 792 0.500000
1159 2 1159 0.500000
4410 2 4410 0.500000
4313 2 4313 0.500000
6101 2 6101 0.500000
1018 2 1018 0.500000
5351 2 5351 0.500000
176 2 176 0.500000
157 2 157 0.500000
6270 2 6270 0.500000
1992 2 1992 0.500000
1286 2 1286 0.500000
5057 2 5057 1.000000
1986 2 1986 0.500000
1922 2 1922 0.500000
864 2 864 0.500000
6042 2 6042 0.500000
5026 2 5026 0.500000
4906 2 4906 0.500000
1819 2 1819 0.500000
6001 2 6001 0.500000
429 2 429 0.500000
174 2 174 0.500000
3502 2 3502 0.500000
6293 2 6293 1.000000
506 2 506 1.000000
4435 2 4435 0.500000
787 2 787 0.500000
3880 2 3880 0.500000
395 2 395 0.500000
3982 2 3982 0.500000
2637 2 2637 0.500000
3614 2 3614 0.500000
5294 2 5294 0.500000
4953 2 4953 0.500000
3619 2 3619 0.500000
764 2 764 0.500000
179 2 179 0.500000
3412 2 3412 0.500000
3631 2 3631 0.500000
982 2 982 1.000000
3172 2 3172 1.000000
2448 2 2448 0.500000
4120 2 4120 0.500000
3791 2 3791 0.500000
2805 2 2805 0.500000
4484 2 4484 0.500000
6084 2 6084 0.500000
1083 2 1083 0.500000
1226 2 1226 0.500000
4038 2 4038 0.500000
4365 2 4365 0.500000
6216 2 6216 0.500000
2681 2 2681 0.500000
253 2 253 0.500000
5610 2 5610 0.500000
4497 2 4497 0.500000
4581 2 4581 0.500000
2569 2 2569 0.500000
778 2 778 0.500000
2447 2 2447 0.500000
2093 2 2093 0.500000
5819 2 5819 0.500000
1144 2 1144 0.500000
3755 2 3755 0.500000
3720 2 3720 1.000000
3191 2 3191 0.500000
3563 2 3563 0.500000
4485 2 4485 0.500000
4139 2 4139 0.500000
4970 2 4970 0.500000
4630 2 4630 0.500000
3435 2 3435 0.500000
4837 2 4837 0.500000
328 2 328 0.500000
899 2 899 0.500000
3314 2 3314 1.000000
6097 2 6097 0.500000
3450 2 3450 0.500000
833 2 833 0.500000
2563 2 2563 0.500000
4171 2 4171 0.500000
1846 2 1846 0.500000
216 2 216 0.500000
705 2 705 0.500000
1317 2 1317 0.500000
3192 2 3192 0.500000
5861 2 5861 0.500000
2758 2 2758 0.500000
5693 2 5693 0.500000
152 2 152 0.500000
1585 2 1585 0.500000
2279 2 2279 0.500000
3707 2 3707 0.500000
227 2 227 1.000000
3487 2 3487 0.500000
862 2 862 0.500000
4938 2 4938 0.500000
2261 2 2261 0.500000
1780 2 1780 0.500000
2699 2 2699 1.000000
2112 2 2112 0.500000
5046 2 5046 0.500000
2312 2 2312 0.500000
5734 2 5734 0.500000
1942 2 1942 0.500000
3776 2 3776 1.000000
3618 2 3618 0.500000
6359 2 6359 0.500000
6291 2 6291 0.500000
2900 2 2900 0.500000
1962 2 1962 0.500000
5886 2 5886 0.500000
3836 2 3836 0.500000
4718 2 4718 0.500000
2643 2 2643 0.500000
1808 2 1808 0.500000
4608 2 4608 0.500000
6048 2 6048 0.500000
6393 2 6393 0.500000
342 2 342 0.500000
442 2 442 0.500000
2048 2 2048 0.500000
3418 2 3418 0.500000
2537 2 2537 0.500000
4921 2 4921 0.500000
1979 2 1979 0.500000
943 2 943 0.500000
3897 2 3897 0.500000
1919 2 1919 0.500000
3660 2 3660 0.500000
2195 2 2195 0.500000
33 2 33 1.000000
695 2 695 0.500000
2238 2 2238 0.500000
4750 2 4750 0.500000
6128 2 6128 0.500000
70 2 70 0.500000
4793 2 4793 0.500000
4462 2 4462 0.500000
2387 2 2387 0.500000
653 2 653 0.500000
6021 2 6021 0.500000
2851 2 2851 0.500000
2611 2 2611 1.000000
5143 2 5143 0.500000
2899 2 2899 0.500000
5995 2 5995 0.500000
247 2 247 0.500000
422 2 422 0.500000
4005 2 4005 0.500000
90 2 90 0.500000
713 2 713 0.500000
3522 2 3522 0.500000
600 2 600 1.000000
2368 2 2368 0.500000
1336 2 1336 0.500000
4245 2 4245 0.500000
2761 2 2761 0.500000
1386 2 1386 0.500000
1147 2 1147 0.500000
4914 2 4914 0.500000
4662 2 4662 0.500000
1301 2 1301 0.500000
5806 2 5806 0.500000
1598 2 1598 0.500000
1257 2 1257 0.500000
2509 2 2509 0.500000
3932 2 3932 0.500000
4488 2 4488 0.500000
6068 2 6068 1.000000
5636 2 5636 0.500000
5255 2 5255 0.500000
1969 2 1969 0.500000
2200 2 2200 0.500000
4043 2 4043 0.500000
95 2 95 0.500000
3957 2 3957 0.500000
6246 2 6246 0.500000
6051 2 6051 0.500000
299 2 299 0.500000
927 2 927 0.500000
579 2 579 0.500000
5936 2 5936 0.500000
4917 2 4917 1.000000
2241 2 2241 0.500000
4659 2 4659 0.500000
3085 2 3085 0.500000
4699 2 4699 0.500000
3732 2 3732 0.500000
3156 2 3156 1.000000
2438 2 2438 0.500000
1050 2 1050 0.500000
162 2 162 0.500000
4516 2 4516 1.000000
3572 2 3572 0.500000
2187 2 2187 0.500000
346 2 346 0.500000
2922 2 2922 0.500000
839 2 839 0.500000
537 2 537 0.500000
1399 2 1399 0.500000
2220 2 2220 1.000000
3405 2 3405 0.500000
5823 2 5823 0.500000
4546 2 4546 0.500000
4944 2 4944 0.500000
1823 2 1823 1.000000
332 2 332 0.500000
4450 2 4450 0.500000
1256 2 1256 1.000000
5322 2 5322 0.500000
3589 2 3589 0.500000
4333 2 4333 1.000000
5435 2 5435 0.500000
2056 2 2056 0.500000
5963 2 5963 1.000000
804 2 804 0.500000
3969 2 3969 0.500000
4916 2 4916 0.500000
1168 2 1168 0.500000
4466 2 4466 0.500000
3653 2 3653 0.500000
5821 2 5821 0.500000
1337 2 1337 0.500000
234 2 234 0.500000
756 2 756 0.500000
5295 2 5295 0.500000
1783 2 1783 0.500000
2482 2 2482 0.500000
2767 2 2767 0.500000
149 2 149 0.500000
2016 2 2016 0.500000
5426 2 5426 0.500000
2147 2 2147 0.500000
1329 2 1329 0.500000
2632 2 2632 0.500000
1128 2 1128 0.500000
6398 2 6398 0.500000
1101 2 1101 0.500000
4195 2 4195 1.000000
6143 2 6143 0.500000
3570 2 3570 0.500000
4805 2 4805 1.000000
3785 2 3785 0.500000
1786 2 1786 0.500000
